30
12
4

1 0 0 0 0 0 0 0 0 0 0 0 0 0 0 0 0 0 0 0 0 0 0 0 0 0 0 0 0 0 
0 1 0 0 0 0 0 0 0 0 0 0 0 0 1 0 0 1 0 0 0 0 0 0 0 0 0 0 0 0 
0 0 1 0 0 0 0 0 0 0 0 0 0 0 1 0 0 0 0 0 0 0 0 0 0 0 0 0 0 0 
0 0 0 1 0 0 0 0 0 0 0 0 0 0 0 0 0 0 0 0 0 0 0 0 0 0 0 0 0 0 
0 1 1 1 1 0 1 1 1 0 0 1 1 1 1 0 1 1 1 1 0 0 1 1 1 0 0 1 1 1 
0 1 0 0 0 1 0 1 1 0 0 0 0 0 1 0 1 1 0 0 0 0 1 0 1 0 0 0 1 0 
0 1 1 1 1 0 1 1 1 0 0 1 1 1 1 0 1 1 1 1 0 0 1 1 1 0 0 1 1 1 
0 1 0 0 0 0 0 1 1 0 0 0 0 0 1 0 0 1 0 0 0 0 1 0 1 0 0 0 0 0 
0 0 0 0 0 0 0 0 1 0 0 0 0 0 0 0 0 0 0 0 0 0 0 0 0 0 0 0 0 0 
0 0 0 0 0 0 0 0 0 1 0 0 0 0 0 0 0 0 0 0 0 0 0 0 0 0 0 0 0 0 
0 1 1 1 1 0 1 1 1 0 1 1 1 1 1 0 1 1 1 1 0 0 1 1 1 0 0 1 1 1 
0 1 1 1 1 0 1 1 1 0 0 1 1 1 1 0 1 1 1 1 0 0 1 1 1 0 0 1 1 1 
0 1 1 1 1 0 1 1 1 0 0 1 1 1 1 0 1 1 1 1 0 0 1 1 1 0 0 1 1 1 
0 0 0 0 0 0 0 0 0 0 0 0 0 1 0 0 0 0 0 0 0 0 0 0 0 0 0 0 0 0 
0 0 0 0 0 0 0 0 0 0 0 0 0 0 1 0 0 0 0 0 0 0 0 0 0 0 0 0 0 0 
0 0 0 0 0 0 0 0 0 0 0 0 0 0 0 1 0 0 0 0 0 0 0 0 0 0 0 0 0 0 
0 1 0 0 0 0 0 1 1 0 0 0 0 0 1 0 1 1 0 0 0 0 1 0 1 0 0 0 0 0 
0 0 0 0 0 0 0 0 0 0 0 0 0 0 0 0 0 1 0 0 0 0 0 0 0 0 0 0 0 0 
0 1 0 0 0 0 0 1 1 0 0 0 0 0 1 0 0 1 1 0 0 0 1 0 1 0 0 0 0 0 
0 1 1 1 1 0 1 1 1 0 0 1 1 1 1 0 1 1 1 1 0 0 1 1 1 0 0 1 1 1 
0 1 1 1 1 0 1 1 1 0 1 1 1 1 1 0 1 1 1 1 1 0 1 1 1 0 0 1 1 1 
0 0 0 0 0 0 0 0 1 0 0 0 0 0 0 0 0 0 0 0 0 1 0 0 0 0 0 0 0 0 
0 1 0 0 0 0 0 1 1 0 0 0 0 0 1 0 0 1 0 0 0 0 1 0 1 0 0 0 0 0 
0 1 1 1 1 0 1 1 1 0 0 1 1 1 1 0 1 1 1 1 0 0 1 1 1 0 0 1 1 1 
0 1 0 0 0 0 0 1 1 0 0 0 0 0 1 0 0 1 0 0 0 0 1 0 1 0 0 0 0 0 
0 1 1 1 1 0 1 1 1 0 0 1 1 1 1 0 1 1 1 1 0 0 1 1 1 1 0 1 1 1 
1 1 1 1 1 0 1 1 1 0 0 1 1 1 1 0 1 1 1 1 0 0 1 1 1 0 1 1 1 1 
0 0 0 0 0 0 0 0 0 0 0 0 0 0 0 0 0 1 0 0 0 0 0 0 0 0 0 1 0 0 
0 0 0 0 0 0 0 0 0 0 0 0 0 0 0 0 0 0 0 0 0 0 0 0 0 0 0 0 1 0 
0 1 1 1 1 0 1 1 1 0 0 1 1 1 1 0 1 1 1 1 0 0 1 1 1 0 0 1 1 1 

8 9 9 7 5 9 0 1 7 0 0 4 
7 6 0 0 2 8 2 6 2 0 0 2 
8 8 2 5 5 1 8 6 2 3 4 9 
1 4 5 1 1 0 9 4 6 8 0 7 
4 7 4 6 9 5 7 4 4 5 8 4 
8 7 9 6 3 5 2 3 5 6 9 9 
6 3 1 3 8 1 3 4 5 9 0 6 
7 8 9 9 2 2 1 8 8 9 3 8 
8 9 4 0 2 4 6 3 7 4 8 0 
4 1 1 0 4 0 1 8 3 1 8 5 
7 4 2 1 1 5 4 2 9 0 6 5 
1 5 9 0 2 0 2 4 2 8 8 5 
6 2 1 1 4 6 2 5 1 2 1 1 
1 3 0 1 5 5 7 4 0 7 9 2 
5 4 0 9 2 5 7 0 7 5 6 7 
4 6 7 5 1 9 8 6 5 5 9 4 
4 6 3 0 3 4 4 1 6 2 8 7 
2 9 8 4 7 7 1 8 5 2 5 0 
9 0 0 7 3 7 7 5 1 7 9 3 
1 2 3 2 0 9 9 5 4 8 7 5 
4 6 0 7 2 7 6 7 9 5 2 2 
5 4 4 5 7 1 3 2 2 8 8 2 
4 5 6 3 0 1 0 3 3 6 7 2 
5 8 3 2 6 6 4 8 4 6 6 3 
1 4 6 1 7 6 6 7 5 9 9 0 
2 1 0 0 3 2 9 3 7 7 7 7 
2 5 4 7 7 1 1 2 7 5 6 1 
0 9 4 3 4 7 4 9 8 4 3 0 
0 1 1 4 4 6 0 7 1 1 8 2 
7 7 6 8 9 2 3 2 0 0 7 9 
