20
8
4

1 1 1 1 0 1 1 1 0 1 1 1 0 1 1 1 0 1 0 1 
1 1 1 1 0 1 1 1 0 1 1 1 0 1 1 1 0 1 0 1 
0 0 1 0 0 0 0 1 0 0 0 0 0 1 0 0 0 0 0 0 
1 1 1 1 0 1 1 1 0 1 1 1 0 1 1 1 0 1 0 1 
0 0 0 0 1 0 0 0 0 0 0 0 0 0 0 0 0 0 0 0 
1 1 1 1 0 1 1 1 0 1 1 1 0 1 1 1 0 1 0 1 
1 1 1 1 0 1 1 1 0 1 1 1 0 1 1 1 0 1 0 1 
0 0 0 0 0 0 0 1 0 0 0 0 0 0 0 0 0 0 0 0 
0 0 0 0 0 0 0 0 1 0 0 0 0 1 1 0 0 1 0 0 
1 1 1 1 0 1 1 1 0 1 1 1 0 1 1 1 0 1 0 1 
1 1 1 1 0 1 1 1 0 1 1 1 0 1 1 1 0 1 0 1 
1 1 1 1 0 1 1 1 0 1 1 1 0 1 1 1 0 1 0 1 
1 1 1 1 0 1 1 1 0 1 1 1 1 1 1 1 0 1 0 1 
0 0 0 0 0 0 0 0 0 0 0 0 0 1 0 0 0 0 0 0 
0 0 0 0 0 0 0 0 0 0 0 0 0 0 1 0 0 0 0 0 
1 1 1 1 0 1 1 1 0 1 1 1 0 1 1 1 0 1 0 1 
1 1 1 1 0 1 1 1 0 1 1 1 0 1 1 1 1 1 0 1 
0 0 0 0 0 0 0 0 0 0 0 0 0 1 0 0 0 1 0 0 
0 0 0 0 0 0 0 0 0 0 0 0 0 0 0 0 0 0 1 0 
1 1 1 1 0 1 1 1 0 1 1 1 0 1 1 1 0 1 0 1 

4 1 6 7 7 1 2 0 
5 5 8 9 9 5 4 8 
2 9 9 6 4 6 1 8 
7 7 3 6 3 0 8 7 
9 8 3 4 1 7 3 0 
7 8 7 3 5 8 7 5 
1 9 8 0 7 1 5 2 
9 1 0 5 9 3 1 9 
8 5 7 5 6 9 6 9 
5 2 5 3 9 5 3 5 
9 8 9 7 0 0 5 2 
0 9 6 8 8 1 5 5 
8 3 3 5 3 7 0 1 
3 6 5 5 9 8 6 3 
5 8 7 6 2 2 1 8 
8 5 8 4 5 2 7 9 
3 2 7 7 9 5 9 6 
4 3 5 8 4 3 7 4 
0 3 2 2 6 0 8 7 
7 0 1 3 0 0 0 8 
