20
8
3

1 0 1 1 1 0 1 1 1 1 1 1 1 1 0 1 0 1 0 1 
0 1 1 1 1 0 1 1 1 1 0 1 1 1 0 1 0 1 0 1 
0 0 1 1 1 0 1 1 1 1 0 1 1 1 0 1 0 1 0 1 
0 0 1 1 1 0 1 1 1 1 0 1 1 1 0 1 0 1 0 1 
0 0 1 1 1 0 1 1 1 1 0 1 1 1 0 1 0 1 0 1 
0 0 1 1 1 1 1 1 1 1 0 1 1 1 0 1 0 1 1 1 
0 0 1 1 1 0 1 1 1 1 0 1 1 1 0 1 0 1 0 1 
0 0 1 1 1 0 1 1 1 1 0 1 1 1 0 1 0 1 0 1 
0 0 0 0 0 0 0 0 1 0 0 0 0 0 0 0 0 0 0 0 
0 0 1 1 1 0 1 1 1 1 0 1 1 1 0 1 0 1 0 1 
0 0 1 1 1 0 1 1 1 1 1 1 1 1 0 1 0 1 0 1 
0 0 1 1 1 0 1 1 1 1 0 1 1 1 0 1 0 1 0 1 
0 0 1 1 1 0 1 1 1 1 0 1 1 1 0 1 0 1 0 1 
0 0 0 0 0 0 0 0 1 0 0 0 0 1 0 0 0 0 0 1 
0 0 1 1 1 0 1 1 1 1 0 1 1 1 1 1 0 1 0 1 
0 0 0 0 0 0 0 0 0 0 0 0 0 0 0 1 0 0 0 1 
0 0 0 0 0 0 0 0 1 0 0 0 0 0 0 0 1 0 0 0 
0 0 1 1 1 0 1 1 1 1 0 1 1 1 0 1 0 1 0 1 
0 0 1 1 1 0 1 1 1 1 0 1 1 1 0 1 0 1 1 1 
0 0 0 0 0 0 0 0 0 0 0 0 0 0 0 0 0 0 0 1 

8 5 8 2 0 2 0 6 
8 5 6 8 7 7 1 3 
0 5 5 7 9 6 4 2 
6 1 2 6 3 9 5 1 
8 8 5 8 3 2 8 9 
3 6 1 0 1 7 0 7 
3 6 0 4 4 4 2 7 
6 2 4 2 0 0 1 8 
2 9 5 9 2 4 8 4 
6 2 3 9 2 5 0 2 
5 4 8 5 7 8 6 6 
9 9 0 3 0 2 7 8 
1 7 8 0 6 5 0 5 
9 1 5 2 6 6 6 2 
1 7 7 1 7 9 5 7 
8 4 5 9 1 6 1 9 
3 6 8 1 7 3 0 2 
5 4 5 3 1 9 5 4 
2 6 8 8 9 6 6 2 
4 8 2 9 2 5 5 5 
