20
8
3

1 1 1 0 0 1 0 1 1 1 0 1 0 0 0 1 0 0 0 1 
1 1 1 0 0 1 0 1 1 1 0 1 0 0 0 1 0 0 0 1 
0 0 1 0 0 0 0 1 0 0 0 0 0 0 0 0 0 0 0 0 
1 1 1 1 0 1 0 1 1 1 1 1 0 0 1 1 0 0 0 1 
0 0 0 0 1 0 0 0 0 0 0 0 0 0 0 0 0 0 0 0 
1 1 1 0 0 1 0 1 1 1 0 1 0 0 0 1 0 0 0 1 
1 1 1 0 0 1 1 1 1 1 0 1 1 0 0 1 1 0 1 1 
0 0 0 0 0 0 0 1 0 0 0 0 0 0 0 0 0 0 0 0 
1 1 1 0 0 1 0 1 1 1 0 1 0 0 0 1 0 0 0 1 
1 1 1 0 0 1 0 1 1 1 0 1 0 0 0 1 0 0 0 1 
1 1 1 0 0 1 0 1 1 1 1 1 0 0 1 1 0 0 0 1 
1 1 1 0 0 1 0 1 1 1 0 1 0 0 0 1 0 0 0 1 
1 1 1 0 0 1 0 1 1 1 0 1 1 0 0 1 1 0 1 1 
1 1 1 0 0 1 1 1 1 1 0 1 1 1 0 1 1 0 1 1 
1 1 1 0 0 1 0 1 1 1 0 1 0 0 1 1 0 0 0 1 
1 1 1 0 0 1 0 1 1 1 0 1 0 0 0 1 0 0 0 1 
1 1 1 0 0 1 0 1 1 1 0 1 0 0 0 1 1 0 0 1 
0 0 0 0 0 0 0 0 0 0 0 0 0 0 0 0 0 1 0 0 
1 1 1 0 0 1 0 1 1 1 0 1 0 0 0 1 1 0 1 1 
1 1 1 0 0 1 0 1 1 1 0 1 0 0 0 1 0 0 0 1 

7 2 9 3 0 2 0 6 
1 2 2 5 7 5 8 5 
9 2 2 4 0 7 5 8 
9 8 8 3 6 8 2 1 
7 9 5 5 8 8 0 0 
1 0 6 1 2 5 1 8 
1 0 6 2 9 8 5 2 
0 7 6 0 3 4 8 6 
4 3 3 5 3 3 5 8 
2 6 2 8 4 1 4 8 
1 6 2 9 2 2 7 8 
5 7 6 8 3 8 1 0 
0 2 4 8 7 3 4 6 
5 7 1 9 6 4 5 2 
4 0 6 3 0 5 9 2 
5 7 4 9 2 9 3 1 
0 4 3 6 3 2 8 0 
0 3 3 7 9 9 7 7 
5 8 8 6 4 4 1 5 
6 8 8 8 0 5 9 5 
