20
8
3

1 0 0 0 0 0 0 0 1 0 0 0 0 1 0 0 0 0 0 0 
0 1 1 0 0 0 0 0 1 1 0 0 0 1 0 1 0 1 0 1 
0 0 1 0 0 0 0 0 1 1 0 0 0 1 0 0 0 0 0 0 
0 0 0 1 0 0 0 0 0 0 0 1 0 0 0 0 0 0 0 0 
0 0 0 0 1 0 0 0 0 0 0 0 0 0 0 0 0 0 0 0 
0 0 1 0 0 1 0 1 1 1 0 0 1 1 0 0 1 1 0 0 
0 0 1 0 0 0 1 0 1 1 0 0 0 1 0 0 0 0 0 0 
0 0 1 0 0 0 0 1 1 1 0 0 0 1 0 0 0 1 0 0 
0 0 0 0 0 0 0 0 1 0 0 0 0 1 0 0 0 0 0 0 
0 0 0 0 0 0 0 0 1 1 0 0 0 1 0 0 0 0 0 0 
1 0 1 0 0 0 1 0 1 1 1 0 0 1 0 0 0 0 0 0 
0 0 0 0 0 0 0 0 0 0 0 1 0 0 0 0 0 0 0 0 
0 0 1 0 0 0 0 1 1 1 0 0 1 1 0 0 1 1 0 0 
0 0 0 0 0 0 0 0 0 0 0 0 0 1 0 0 0 0 0 0 
0 0 1 0 0 0 0 1 1 1 0 0 1 1 1 0 1 1 0 0 
0 0 1 0 0 0 0 0 1 1 0 0 0 1 0 1 0 1 0 1 
0 0 1 0 0 0 0 1 1 1 0 0 0 1 0 0 1 1 0 0 
0 0 1 0 0 0 0 0 1 1 0 0 0 1 0 0 0 1 0 0 
0 1 1 0 0 0 0 1 1 1 0 0 1 1 0 1 1 1 1 1 
0 0 1 0 0 0 0 0 1 1 0 0 0 1 0 0 0 1 0 1 

0 5 3 6 4 7 7 5 
2 8 7 0 0 0 0 1 
7 3 9 3 4 8 9 7 
9 2 8 3 7 2 5 1 
3 2 7 2 2 1 4 7 
0 2 6 6 9 7 9 2 
1 6 5 0 8 9 5 0 
5 6 9 4 1 1 8 5 
9 5 0 5 9 0 1 5 
9 0 5 4 0 5 6 7 
7 8 0 8 9 5 2 2 
7 4 3 4 2 6 3 0 
4 9 8 0 9 3 8 7 
2 7 3 7 5 3 4 0 
3 0 8 9 3 1 5 8 
8 2 2 4 4 6 3 0 
6 0 7 0 7 4 1 6 
9 0 2 2 3 9 8 9 
3 8 4 9 9 8 7 4 
8 5 4 1 8 7 4 1 
