20
8
3

1 1 0 0 1 1 0 1 1 1 1 0 1 1 0 1 1 1 1 0 
0 1 0 0 0 0 0 0 0 0 0 0 0 0 0 0 0 0 0 0 
1 1 1 0 1 1 0 1 1 1 1 0 1 1 0 1 1 1 1 0 
1 1 0 1 1 1 0 1 1 1 1 0 1 1 0 1 1 1 1 0 
1 1 0 0 1 1 0 1 1 1 1 0 1 1 0 1 1 1 1 0 
0 1 0 0 0 1 0 1 0 1 0 0 1 1 0 0 0 0 1 0 
0 0 0 0 0 0 1 0 0 0 0 0 0 0 0 0 0 0 0 0 
0 1 0 0 0 0 0 1 0 1 0 0 1 1 0 0 0 0 1 0 
1 1 0 0 1 1 0 1 1 1 1 0 1 1 0 1 1 1 1 0 
0 1 0 0 0 0 0 0 0 1 0 0 0 0 0 0 0 0 0 0 
1 1 0 0 1 1 0 1 1 1 1 0 1 1 0 1 1 1 1 0 
1 1 0 0 1 1 0 1 1 1 1 1 1 1 0 1 1 1 1 0 
0 0 0 0 0 0 0 0 0 0 0 0 1 0 0 0 0 0 0 0 
0 1 0 0 0 0 0 1 0 1 0 0 1 1 0 0 0 0 1 0 
1 1 0 0 1 1 0 1 1 1 1 0 1 1 1 1 1 1 1 0 
1 1 0 0 1 1 0 1 1 1 1 0 1 1 0 1 1 1 1 0 
1 1 0 0 1 1 0 1 1 1 1 0 1 1 0 1 1 1 1 0 
1 1 0 0 1 1 0 1 1 1 1 0 1 1 0 1 1 1 1 0 
0 1 0 0 0 0 0 1 0 1 0 0 1 1 0 0 0 0 1 0 
0 0 0 0 0 0 0 0 0 0 0 0 0 0 0 0 0 0 0 1 

3 7 9 3 6 4 8 1 
8 8 4 0 2 9 8 3 
4 9 5 5 8 2 2 7 
5 8 5 2 8 9 6 4 
6 8 2 4 6 4 2 3 
1 3 1 1 8 5 2 6 
8 1 4 9 1 4 4 1 
7 6 9 4 7 2 2 2 
1 7 1 6 7 0 1 4 
8 5 2 4 7 4 0 1 
0 7 4 5 3 4 1 1 
2 8 9 0 9 1 1 0 
2 4 0 7 0 0 5 8 
4 0 0 3 2 2 1 6 
6 8 0 8 6 6 1 3 
2 5 7 6 3 4 2 8 
9 3 1 7 0 5 5 0 
1 7 5 1 9 6 0 3 
2 1 6 2 2 5 5 5 
1 9 1 3 0 3 8 1 
