20
8
3

1 0 1 0 0 0 0 0 1 0 1 1 1 1 0 1 1 1 1 1 
0 1 1 1 0 0 0 0 1 0 1 0 1 1 1 1 1 1 1 1 
0 0 1 0 0 0 0 0 1 0 0 0 0 0 0 1 0 0 1 0 
0 0 1 1 0 0 0 0 1 0 1 0 1 1 0 1 1 1 1 0 
0 0 1 1 1 1 0 1 1 0 1 0 1 1 0 1 1 1 1 1 
0 0 1 0 0 1 0 0 1 0 1 0 1 1 0 1 1 1 1 1 
0 1 1 1 0 0 1 0 1 0 1 0 1 1 1 1 1 1 1 1 
0 0 1 0 0 0 0 1 1 0 1 0 1 1 0 1 1 1 1 1 
0 0 0 0 0 0 0 0 1 0 0 0 0 0 0 1 0 0 1 0 
0 0 1 1 0 1 0 0 1 1 1 0 1 1 0 1 1 1 1 1 
0 0 1 0 0 0 0 0 1 0 1 0 1 0 0 1 1 1 1 0 
0 0 0 0 0 0 0 0 0 0 0 1 0 0 0 0 0 0 0 0 
0 0 0 0 0 0 0 0 1 0 0 0 1 0 0 1 1 1 1 0 
0 0 0 0 0 0 0 0 0 0 0 0 0 1 0 0 0 0 0 0 
0 0 1 1 0 0 0 0 1 0 1 0 1 1 1 1 1 1 1 1 
0 0 0 0 0 0 0 0 1 0 0 0 0 0 0 1 0 0 1 0 
0 0 0 0 0 0 0 0 1 0 0 0 0 0 0 1 1 0 1 0 
0 0 0 0 0 0 0 0 0 0 0 0 0 0 0 0 0 1 0 0 
0 0 0 0 0 0 0 0 0 0 0 0 0 0 0 0 0 0 1 0 
0 0 1 0 0 0 0 0 1 0 1 0 1 1 0 1 1 1 1 1 

3 6 0 1 6 1 6 3 
4 2 0 8 1 0 0 4 
0 2 5 8 9 7 6 0 
1 4 1 5 8 1 4 1 
0 2 9 4 1 4 6 3 
1 3 0 9 5 1 0 6 
1 2 5 4 1 6 5 9 
0 8 9 0 0 3 8 8 
6 6 9 1 9 9 3 3 
0 1 5 8 3 2 6 8 
0 8 6 3 8 9 8 7 
7 6 8 3 8 6 1 7 
0 3 0 9 1 3 9 3 
9 0 5 8 5 3 8 6 
8 8 1 9 2 1 0 1 
2 3 4 8 3 8 2 9 
0 9 6 1 1 7 4 1 
1 2 1 3 4 6 7 3 
7 6 3 1 2 4 1 5 
9 9 1 1 1 2 1 7 
