20
8
3

1 0 0 1 1 0 1 0 0 0 0 0 0 0 0 0 1 0 0 0 
0 1 0 0 0 0 0 0 0 0 0 0 0 0 0 0 0 0 0 0 
0 1 1 0 0 0 0 0 0 0 0 0 0 0 0 0 0 0 0 0 
0 0 0 1 1 0 0 0 0 0 0 0 0 0 0 0 1 0 0 0 
0 0 0 0 1 0 0 0 0 0 0 0 0 0 0 0 1 0 0 0 
0 1 1 0 0 1 0 0 0 0 0 0 0 1 0 0 0 0 0 0 
0 0 0 0 0 0 1 0 0 0 0 0 0 0 0 0 0 0 0 0 
1 1 0 1 1 0 1 1 0 0 1 0 1 0 0 1 1 0 0 0 
1 0 0 1 1 0 1 0 1 0 0 0 0 0 0 0 1 0 0 0 
0 0 0 0 0 0 0 0 0 1 0 0 0 0 0 0 0 0 0 0 
1 0 0 1 1 0 1 0 0 0 1 0 0 0 0 1 1 0 0 0 
0 0 0 0 0 0 0 0 0 0 0 1 0 0 0 0 0 0 0 0 
1 0 0 1 1 0 1 0 0 0 1 0 1 0 0 1 1 0 0 0 
0 0 0 0 0 0 0 0 0 0 0 0 0 1 0 0 0 0 0 0 
0 0 0 0 0 0 1 0 0 0 0 0 0 0 1 0 0 0 0 0 
1 0 0 1 1 0 1 0 0 0 0 0 0 0 0 1 1 0 0 0 
0 0 0 0 0 0 0 0 0 0 0 0 0 0 0 0 1 0 0 0 
1 0 0 1 1 0 1 0 0 0 0 0 0 0 0 0 1 1 0 0 
1 0 0 1 1 0 1 0 1 1 0 0 0 1 0 0 1 0 1 0 
0 0 0 0 0 0 0 0 0 0 0 0 0 0 0 0 0 0 0 1 

1 5 4 4 9 0 1 3 
5 7 7 3 0 6 8 6 
7 8 0 6 2 9 2 1 
0 5 9 5 4 0 4 7 
9 3 7 6 5 1 1 2 
5 9 0 1 1 5 1 0 
4 4 2 0 7 7 2 4 
0 2 3 9 9 8 4 0 
5 7 0 5 8 7 3 0 
9 3 5 8 1 4 2 3 
5 1 7 7 7 8 6 0 
2 7 9 0 5 0 3 6 
0 4 0 9 9 4 6 6 
6 1 2 0 6 3 6 2 
6 7 9 9 9 2 2 7 
2 6 7 4 9 2 6 1 
0 1 5 3 8 5 9 7 
4 2 1 0 3 3 9 5 
6 5 4 5 0 0 2 1 
5 2 2 1 3 8 6 2 
