20
8
3

1 1 1 0 1 1 1 1 1 1 1 1 0 0 1 1 1 1 0 0 
0 1 0 0 0 0 0 0 0 0 0 0 0 0 0 0 0 0 0 0 
0 0 1 0 0 0 0 0 0 0 1 0 0 0 0 0 0 0 0 0 
1 1 1 1 1 1 1 1 1 1 1 1 0 0 1 1 1 1 1 1 
0 1 0 0 1 0 0 0 1 1 0 0 0 0 0 0 1 1 0 0 
1 1 1 0 1 1 1 1 1 1 1 1 0 0 1 1 1 1 0 0 
1 1 1 0 1 1 1 1 1 1 1 1 0 0 1 1 1 1 0 0 
0 0 0 0 0 0 0 1 0 0 0 0 0 0 0 0 0 0 0 0 
0 1 0 0 0 0 0 0 1 1 0 0 0 0 0 0 1 1 0 0 
0 0 0 0 0 0 0 0 0 1 0 0 0 0 0 0 1 0 0 0 
0 0 0 0 0 0 0 0 0 0 1 0 0 0 0 0 0 0 0 0 
1 1 1 0 1 1 1 1 1 1 1 1 0 0 1 1 1 1 0 0 
0 0 0 0 0 0 0 0 0 0 0 0 1 0 0 0 0 0 0 0 
1 1 1 0 1 1 1 1 1 1 1 1 1 1 1 1 1 1 0 0 
1 1 1 0 1 1 1 1 1 1 1 1 0 0 1 1 1 1 0 0 
1 1 1 0 1 1 1 1 1 1 1 1 0 0 1 1 1 1 0 0 
0 0 0 0 0 0 0 0 0 0 0 0 0 0 0 0 1 0 0 0 
0 0 0 0 0 0 0 0 0 0 0 0 0 0 0 0 0 1 0 0 
0 0 1 0 0 0 0 0 0 0 1 0 0 0 0 0 0 0 1 0 
0 1 0 0 1 0 0 0 1 1 0 0 0 0 0 0 1 1 0 1 

1 4 4 3 7 3 4 8 
6 4 6 2 6 7 7 8 
0 5 6 5 9 2 8 0 
4 6 7 3 9 3 6 4 
9 0 8 0 8 7 7 0 
8 4 9 4 5 3 9 7 
0 0 9 5 9 5 4 3 
4 6 1 2 9 4 4 4 
5 0 7 4 8 6 5 2 
4 1 3 9 4 5 2 4 
3 6 4 6 8 4 4 6 
6 7 9 7 1 2 9 5 
6 5 8 7 2 6 3 4 
4 5 6 4 1 9 5 9 
1 3 1 9 2 3 5 6 
8 6 9 8 8 9 7 0 
3 1 9 6 9 1 4 6 
0 5 6 9 2 9 3 2 
1 1 4 9 4 3 3 2 
8 8 1 7 1 5 3 3 
