20
8
3

1 0 0 0 1 1 1 1 0 1 1 0 1 1 0 1 1 1 1 1 
1 1 0 0 1 1 1 1 0 1 1 0 1 1 0 1 1 1 1 1 
1 0 1 0 1 1 1 1 0 1 1 0 1 1 0 1 1 1 1 1 
1 0 0 1 1 1 1 1 0 1 1 0 1 1 0 1 1 1 1 1 
1 0 0 0 1 1 1 1 0 1 1 0 1 1 0 1 1 1 1 1 
0 0 0 0 0 1 0 0 0 0 0 0 0 0 0 0 0 0 0 0 
1 0 0 0 1 1 1 1 0 1 1 0 1 1 0 1 1 1 1 1 
1 0 0 0 1 1 1 1 0 1 1 0 1 1 0 1 1 1 1 1 
1 0 0 1 1 1 1 1 1 1 1 0 1 1 0 1 1 1 1 1 
0 0 0 0 0 0 0 0 0 1 0 0 0 0 0 0 0 0 0 0 
1 0 0 0 1 1 1 1 0 1 1 0 1 1 0 1 1 1 1 1 
0 0 0 0 0 0 0 0 0 0 0 1 0 0 0 0 0 0 0 0 
1 0 0 0 1 1 1 1 0 1 1 0 1 1 0 1 1 1 1 1 
1 0 0 0 1 1 1 1 0 1 1 0 1 1 0 1 1 1 1 1 
1 0 1 1 1 1 1 1 1 1 1 0 1 1 1 1 1 1 1 1 
1 0 0 0 1 1 1 1 0 1 1 0 1 1 0 1 1 1 1 1 
1 0 0 0 1 1 1 1 0 1 1 0 1 1 0 1 1 1 1 1 
1 0 0 0 1 1 1 1 0 1 1 0 1 1 0 1 1 1 1 1 
1 0 0 0 1 1 1 1 0 1 1 0 1 1 0 1 1 1 1 1 
1 0 0 0 1 1 1 1 0 1 1 0 1 1 0 1 1 1 1 1 

7 0 2 4 8 1 3 1 
6 1 3 9 1 7 7 0 
3 1 5 4 3 6 1 6 
0 3 0 9 1 7 4 2 
2 8 6 5 3 2 9 7 
2 8 1 5 1 2 5 1 
7 1 4 1 2 5 6 6 
0 0 6 6 1 3 3 1 
0 1 0 1 5 5 2 0 
7 2 7 3 0 1 3 7 
5 8 3 7 0 1 9 8 
9 6 9 3 2 6 3 4 
8 4 6 6 9 3 9 3 
6 0 0 1 6 9 8 0 
4 4 1 6 3 8 3 4 
0 4 1 2 0 7 1 4 
2 2 9 9 8 9 6 7 
1 6 3 8 8 0 6 9 
6 5 1 3 8 1 8 2 
2 0 9 3 7 5 8 8 
