7
5
2

1 0 0 0 0 0 1 
1 1 0 0 0 0 1 
0 0 1 0 0 1 0 
1 1 0 1 0 0 1 
1 1 0 0 1 0 1 
0 0 1 0 0 1 0 
0 0 0 0 0 0 1 

306783378.00 20.70 26.76 306783378.00 38.88 
20.70 14.64 20.70 306783378.00 32.82 
26.76 20.70 14.64 20.70 306783378.00 
32.82 26.76 20.70 306783378.00 20.70 
38.88 32.82 26.76 306783378.00 306783378.00 
44.94 38.88 32.82 26.76 20.70 
306783378.00 44.94 38.88 32.82 26.76 

(0.00,14.64) (6.06,14.64) (12.12,14.64) (18.18,14.64) (24.24,14.64) (30.30,14.64) (36.36,14.64) 
(0.00,0.00) (6.06,0.00) (12.12,0.00) (18.18,0.00) (24.24,0.00) 
(4.0,1.0) (2.0,1.0) (0.5,1.5) (1.0,1.0) (2.0,0.5) (0.5,1.5) (4.5,1.0) 
