50
21
3

1 1 0 0 0 0 0 0 0 0 1 0 0 0 0 0 0 0 1 0 0 0 0 0 0 0 0 0 0 0 0 0 0 0 0 0 0 1 0 0 0 0 0 0 0 0 0 0 0 0 
1 1 0 0 0 0 0 0 0 0 1 0 0 0 0 0 0 0 1 0 0 0 0 0 0 0 0 0 0 0 0 0 0 0 0 0 0 1 0 0 0 0 0 0 0 0 0 0 0 0 
0 0 1 0 0 0 0 0 0 1 0 1 0 0 1 0 0 0 1 1 0 1 0 0 0 0 0 1 1 1 1 1 1 1 1 1 1 1 1 0 0 0 0 1 1 1 0 1 1 0 
1 1 0 1 1 0 0 0 0 0 1 1 0 0 0 0 0 0 1 0 0 1 0 1 0 1 0 0 1 1 1 1 0 0 0 0 0 1 0 1 0 1 0 0 0 1 1 1 1 1 
0 0 0 0 1 0 0 0 0 0 1 1 0 0 0 0 0 0 1 0 0 1 0 0 0 0 0 0 1 1 1 1 0 0 0 0 0 1 0 1 0 1 0 0 0 1 1 1 1 1 
0 0 0 0 0 1 0 0 0 0 0 0 0 0 0 0 0 0 0 0 0 0 1 0 0 0 0 1 0 0 0 0 0 0 0 0 0 0 0 0 0 0 0 0 0 0 0 0 0 0 
0 0 1 0 0 0 1 0 0 1 1 1 0 0 1 0 0 0 1 1 0 1 0 0 0 0 0 1 1 1 1 1 1 1 1 1 1 1 1 1 0 1 0 1 1 1 1 1 1 0 
1 1 0 1 1 0 0 1 0 0 1 1 1 0 0 0 0 0 1 0 0 1 0 1 0 1 0 0 1 1 1 1 0 0 0 0 0 1 0 1 1 1 0 0 0 1 1 1 1 1 
0 0 1 0 1 0 1 0 1 1 1 1 0 0 1 0 0 0 1 1 0 1 0 0 0 0 0 1 1 1 1 1 1 1 1 1 1 1 1 1 0 1 0 1 1 1 1 1 1 1 
0 0 0 0 0 0 0 0 0 1 0 1 0 0 1 0 0 0 1 0 0 1 0 0 0 0 0 1 1 0 1 0 1 1 0 0 0 0 0 0 0 0 0 1 1 0 0 1 1 0 
0 0 0 0 0 0 0 0 0 0 1 0 0 0 0 0 0 0 1 0 0 0 0 0 0 0 0 0 0 0 0 0 0 0 0 0 0 1 0 0 0 0 0 0 0 0 0 0 0 0 
0 0 0 0 0 0 0 0 0 0 0 1 0 0 0 0 0 0 1 0 0 0 0 0 0 0 0 0 1 0 1 0 0 0 0 0 0 0 0 0 0 0 0 0 0 0 0 0 1 0 
1 1 0 1 1 0 0 1 0 0 1 1 1 0 0 0 0 0 1 0 0 1 0 1 0 1 0 0 1 1 1 1 0 0 0 0 0 1 0 1 1 1 0 0 0 1 1 1 1 1 
0 0 1 0 1 1 1 0 1 1 1 1 0 1 1 1 0 0 1 1 1 1 1 0 0 0 0 1 1 1 1 1 1 1 1 1 1 1 1 1 0 1 1 1 1 1 1 1 1 1 
0 0 0 0 0 0 0 0 0 0 0 1 0 0 1 0 0 0 1 0 0 0 0 0 0 0 0 1 1 0 1 0 1 0 0 0 0 0 0 0 0 0 0 1 0 0 0 0 1 0 
0 0 0 0 0 1 0 0 0 1 0 1 0 0 1 1 0 0 1 0 1 1 1 0 0 0 0 1 1 1 1 0 1 1 1 0 1 0 0 0 0 0 0 1 1 0 0 1 1 0 
1 1 1 1 1 1 1 0 1 1 1 1 0 1 1 1 1 0 1 1 1 1 1 1 0 1 0 1 1 1 1 1 1 1 1 1 1 1 1 1 0 1 1 1 1 1 1 1 1 1 
1 1 0 0 0 0 0 0 0 0 1 0 0 0 0 0 0 1 1 0 0 0 0 0 0 0 0 0 0 0 0 0 0 0 0 0 0 1 0 0 1 0 0 0 0 0 0 0 0 0 
0 0 0 0 0 0 0 0 0 0 0 0 0 0 0 0 0 0 1 0 0 0 0 0 0 0 0 0 0 0 0 0 0 0 0 0 0 0 0 0 0 0 0 0 0 0 0 0 0 0 
0 0 1 0 0 0 0 0 0 1 0 1 0 0 1 0 0 0 1 1 0 1 0 0 0 0 0 1 1 1 1 1 1 1 1 1 1 1 1 0 0 0 0 1 1 1 0 1 1 0 
0 0 0 0 0 1 0 0 0 1 0 1 0 0 1 1 0 0 1 0 1 1 1 0 0 0 0 1 1 1 1 0 1 1 1 0 1 0 0 0 0 0 0 1 1 0 0 1 1 0 
0 0 0 0 0 0 0 0 0 0 0 1 0 0 0 0 0 0 1 0 0 1 0 0 0 0 0 0 1 0 1 0 0 0 0 0 0 0 0 0 0 0 0 0 0 0 0 1 1 0 
0 0 0 0 0 1 0 0 0 0 0 0 0 0 0 0 0 0 0 0 0 0 1 0 0 0 0 1 0 0 0 0 0 0 0 0 0 0 0 0 0 0 0 0 0 0 0 0 0 0 
1 1 0 1 1 0 0 0 0 0 1 1 0 0 0 0 0 0 1 0 0 1 0 1 0 1 0 0 1 1 1 1 0 0 0 0 0 1 0 1 0 1 0 0 0 1 1 1 1 1 
1 1 1 1 1 0 1 1 1 1 1 1 1 0 1 0 0 0 1 1 0 1 0 1 1 1 1 1 1 1 1 1 1 1 1 1 1 1 1 1 1 1 0 1 1 1 1 1 1 1 
1 1 0 1 1 0 0 0 0 0 1 1 0 0 0 0 0 0 1 0 0 1 0 1 0 1 0 0 1 1 1 1 0 0 0 0 0 1 0 1 0 1 0 0 0 1 1 1 1 1 
1 1 1 1 1 0 1 1 1 1 1 1 1 0 1 0 0 0 1 1 0 1 0 1 1 1 1 1 1 1 1 1 1 1 1 1 1 1 1 1 1 1 0 1 1 1 1 1 1 1 
0 0 0 0 0 0 0 0 0 0 0 0 0 0 0 0 0 0 0 0 0 0 0 0 0 0 0 1 0 0 0 0 0 0 0 0 0 0 0 0 0 0 0 0 0 0 0 0 0 0 
0 0 0 0 0 0 0 0 0 0 0 1 0 0 0 0 0 0 1 0 0 0 0 0 0 0 0 0 1 0 1 0 0 0 0 0 0 0 0 0 0 0 0 0 0 0 0 0 1 0 
0 0 0 0 0 0 0 0 0 0 0 1 0 0 0 0 0 0 1 0 0 1 0 0 0 0 0 0 1 1 1 0 0 0 0 0 0 0 0 0 0 0 0 0 0 0 0 1 1 0 
0 0 0 0 0 0 0 0 0 0 0 1 0 0 0 0 0 0 1 0 0 0 0 0 0 0 0 0 1 0 1 0 0 0 0 0 0 0 0 0 0 0 0 0 0 0 0 0 1 0 
0 0 0 0 0 0 0 0 0 0 0 1 0 0 0 0 0 0 1 0 0 1 0 0 0 0 0 0 1 1 1 1 0 0 0 0 0 1 0 0 0 0 0 0 0 1 0 1 1 0 
0 0 0 0 0 0 0 0 0 0 0 1 0 0 1 0 0 0 1 0 0 0 0 0 0 0 0 1 1 0 1 0 1 0 0 0 0 0 0 0 0 0 0 1 0 0 0 0 1 0 
0 0 0 0 0 0 0 0 0 1 0 1 0 0 1 0 0 0 1 0 0 1 0 0 0 0 0 1 1 0 1 0 1 1 0 0 0 0 0 0 0 0 0 1 1 0 0 1 1 0 
0 0 0 0 0 0 0 0 0 1 0 1 0 0 1 0 0 0 1 0 0 1 0 0 0 0 0 1 1 1 1 0 1 1 1 0 1 0 0 0 0 0 0 1 1 0 0 1 1 0 
0 0 1 0 0 0 0 0 0 1 0 1 0 0 1 0 0 0 1 1 0 1 0 0 0 0 0 1 1 1 1 1 1 1 1 1 1 1 1 0 0 0 0 1 1 1 0 1 1 0 
0 0 0 0 0 0 0 0 0 1 0 1 0 0 1 0 0 0 1 0 0 1 0 0 0 0 0 1 1 1 1 0 1 1 1 0 1 0 0 0 0 0 0 1 1 0 0 1 1 0 
0 0 0 0 0 0 0 0 0 0 0 0 0 0 0 0 0 0 1 0 0 0 0 0 0 0 0 0 0 0 0 0 0 0 0 0 0 1 0 0 0 0 0 0 0 0 0 0 0 0 
0 0 1 0 0 0 0 0 0 1 0 1 0 0 1 0 0 0 1 1 0 1 0 0 0 0 0 1 1 1 1 1 1 1 1 1 1 1 1 0 0 0 0 1 1 1 0 1 1 0 
0 0 0 0 0 0 0 0 0 0 1 1 0 0 0 0 0 0 1 0 0 1 0 0 0 0 0 0 1 1 1 1 0 0 0 0 0 1 0 1 0 1 0 0 0 1 1 1 1 0 
1 1 0 0 0 0 0 0 0 0 1 0 0 0 0 0 0 0 1 0 0 0 0 0 0 0 0 0 0 0 0 0 0 0 0 0 0 1 0 0 1 0 0 0 0 0 0 0 0 0 
0 0 0 0 0 0 0 0 0 0 1 1 0 0 0 0 0 0 1 0 0 1 0 0 0 0 0 0 1 1 1 1 0 0 0 0 0 1 0 1 0 1 0 0 0 1 1 1 1 0 
0 0 1 0 0 1 0 0 0 1 0 1 0 0 1 1 0 0 1 1 1 1 1 0 0 0 0 1 1 1 1 1 1 1 1 1 1 1 1 0 0 0 1 1 1 1 0 1 1 0 
0 0 0 0 0 0 0 0 0 0 0 0 0 0 0 0 0 0 1 0 0 0 0 0 0 0 0 1 0 0 0 0 0 0 0 0 0 0 0 0 0 0 0 1 0 0 0 0 0 0 
0 0 0 0 0 0 0 0 0 1 0 1 0 0 1 0 0 0 1 0 0 1 0 0 0 0 0 1 1 0 1 0 1 1 0 0 0 0 0 0 0 0 0 1 1 0 0 1 1 0 
0 0 0 0 0 0 0 0 0 0 0 1 0 0 0 0 0 0 1 0 0 1 0 0 0 0 0 0 1 1 1 1 0 0 0 0 0 1 0 0 0 0 0 0 0 1 0 1 1 0 
0 0 0 0 0 0 0 0 0 0 1 1 0 0 0 0 0 0 1 0 0 1 0 0 0 0 0 0 1 1 1 1 0 0 0 0 0 1 0 1 0 1 0 0 0 1 1 1 1 0 
0 0 0 0 0 0 0 0 0 0 0 1 0 0 0 0 0 0 1 0 0 1 0 0 0 0 0 0 1 0 1 0 0 0 0 0 0 0 0 0 0 0 0 0 0 0 0 1 1 0 
0 0 0 0 0 0 0 0 0 0 0 1 0 0 0 0 0 0 1 0 0 0 0 0 0 0 0 0 1 0 1 0 0 0 0 0 0 0 0 0 0 0 0 0 0 0 0 0 1 0 
0 0 0 0 1 0 0 0 0 0 1 1 0 0 0 0 0 0 1 0 0 1 0 0 0 0 0 0 1 1 1 1 0 0 0 0 0 1 0 1 0 1 0 0 0 1 1 1 1 1 

14.64 42949672.00 26.76 42949672.00 38.88 44.94 42949672.00 42949672.00 63.12 69.18 75.24 42949672.00 87.36 42949672.00 99.48 105.54 111.60 117.66 123.72 129.78 42949672.00 
42949672.00 14.64 20.70 26.76 32.82 42949672.00 44.94 42949672.00 57.06 63.12 69.18 75.24 81.30 42949672.00 93.42 99.48 105.54 111.60 117.66 123.72 129.78 
42949672.00 20.70 14.64 42949672.00 26.76 32.82 42949672.00 42949672.00 42949672.00 42949672.00 63.12 42949672.00 75.24 81.30 42949672.00 42949672.00 99.48 105.54 111.60 117.66 123.72 
42949672.00 42949672.00 20.70 14.64 42949672.00 42949672.00 32.82 38.88 44.94 42949672.00 57.06 63.12 69.18 42949672.00 42949672.00 87.36 93.42 99.48 105.54 111.60 117.66 
38.88 32.82 26.76 42949672.00 14.64 20.70 42949672.00 32.82 38.88 44.94 51.00 57.06 63.12 42949672.00 42949672.00 42949672.00 87.36 93.42 99.48 105.54 111.60 
44.94 38.88 42949672.00 26.76 42949672.00 14.64 20.70 42949672.00 42949672.00 38.88 44.94 51.00 57.06 63.12 42949672.00 75.24 81.30 87.36 42949672.00 99.48 105.54 
51.00 44.94 38.88 42949672.00 42949672.00 20.70 14.64 20.70 26.76 42949672.00 38.88 44.94 51.00 57.06 63.12 69.18 75.24 81.30 42949672.00 93.42 99.48 
57.06 51.00 42949672.00 38.88 32.82 26.76 20.70 14.64 42949672.00 26.76 32.82 42949672.00 44.94 51.00 57.06 63.12 42949672.00 75.24 81.30 87.36 93.42 
63.12 57.06 42949672.00 44.94 38.88 42949672.00 26.76 42949672.00 14.64 20.70 42949672.00 32.82 42949672.00 44.94 42949672.00 57.06 42949672.00 69.18 75.24 81.30 87.36 
42949672.00 63.12 57.06 51.00 44.94 38.88 32.82 26.76 20.70 14.64 42949672.00 42949672.00 32.82 38.88 44.94 51.00 57.06 63.12 69.18 42949672.00 42949672.00 
75.24 69.18 63.12 57.06 42949672.00 44.94 38.88 42949672.00 26.76 42949672.00 14.64 42949672.00 42949672.00 32.82 38.88 44.94 51.00 42949672.00 63.12 69.18 75.24 
81.30 42949672.00 69.18 63.12 42949672.00 51.00 42949672.00 38.88 32.82 26.76 20.70 14.64 20.70 26.76 42949672.00 42949672.00 42949672.00 42949672.00 42949672.00 63.12 69.18 
87.36 42949672.00 42949672.00 69.18 63.12 42949672.00 42949672.00 44.94 42949672.00 32.82 26.76 42949672.00 42949672.00 20.70 26.76 32.82 38.88 42949672.00 51.00 57.06 42949672.00 
93.42 42949672.00 81.30 42949672.00 69.18 63.12 57.06 42949672.00 44.94 38.88 42949672.00 26.76 20.70 14.64 20.70 42949672.00 32.82 38.88 44.94 42949672.00 42949672.00 
99.48 93.42 87.36 81.30 75.24 69.18 42949672.00 42949672.00 51.00 44.94 42949672.00 42949672.00 26.76 42949672.00 14.64 20.70 26.76 32.82 38.88 44.94 42949672.00 
42949672.00 42949672.00 42949672.00 42949672.00 81.30 75.24 69.18 42949672.00 57.06 51.00 44.94 38.88 42949672.00 42949672.00 20.70 14.64 20.70 26.76 42949672.00 42949672.00 44.94 
42949672.00 105.54 99.48 93.42 87.36 81.30 42949672.00 69.18 63.12 57.06 51.00 42949672.00 38.88 42949672.00 26.76 20.70 42949672.00 20.70 42949672.00 32.82 38.88 
117.66 42949672.00 105.54 99.48 93.42 87.36 42949672.00 75.24 69.18 42949672.00 57.06 51.00 44.94 38.88 42949672.00 26.76 42949672.00 14.64 42949672.00 42949672.00 32.82 
123.72 42949672.00 111.60 105.54 99.48 93.42 87.36 81.30 42949672.00 69.18 63.12 57.06 51.00 44.94 38.88 32.82 26.76 42949672.00 42949672.00 42949672.00 26.76 
129.78 42949672.00 117.66 111.60 42949672.00 42949672.00 42949672.00 87.36 42949672.00 75.24 69.18 63.12 57.06 51.00 42949672.00 38.88 32.82 26.76 20.70 14.64 20.70 
135.84 42949672.00 123.72 117.66 111.60 105.54 99.48 42949672.00 87.36 81.30 75.24 69.18 63.12 57.06 51.00 44.94 38.88 32.82 42949672.00 20.70 14.64 
141.90 135.84 42949672.00 123.72 117.66 111.60 105.54 42949672.00 42949672.00 42949672.00 81.30 75.24 69.18 63.12 57.06 42949672.00 44.94 42949672.00 32.82 26.76 20.70 
42949672.00 42949672.00 135.84 42949672.00 123.72 117.66 111.60 105.54 42949672.00 93.42 87.36 81.30 42949672.00 69.18 42949672.00 42949672.00 51.00 44.94 38.88 32.82 42949672.00 
154.02 147.96 141.90 135.84 42949672.00 123.72 42949672.00 42949672.00 105.54 99.48 93.42 42949672.00 81.30 42949672.00 42949672.00 63.12 57.06 51.00 44.94 38.88 42949672.00 
160.08 42949672.00 147.96 141.90 135.84 129.78 123.72 117.66 111.60 105.54 99.48 42949672.00 87.36 81.30 42949672.00 69.18 42949672.00 57.06 51.00 42949672.00 38.88 
166.14 160.08 42949672.00 147.96 42949672.00 135.84 129.78 123.72 117.66 42949672.00 105.54 42949672.00 93.42 87.36 42949672.00 42949672.00 69.18 63.12 57.06 51.00 44.94 
172.20 166.14 160.08 154.02 147.96 42949672.00 135.84 129.78 123.72 117.66 111.60 105.54 99.48 93.42 87.36 42949672.00 75.24 69.18 63.12 57.06 51.00 
178.26 172.20 42949672.00 160.08 42949672.00 147.96 141.90 135.84 42949672.00 123.72 117.66 111.60 105.54 99.48 93.42 87.36 81.30 42949672.00 69.18 63.12 42949672.00 
184.32 42949672.00 172.20 166.14 160.08 154.02 147.96 141.90 135.84 42949672.00 42949672.00 42949672.00 42949672.00 42949672.00 99.48 93.42 42949672.00 81.30 42949672.00 42949672.00 63.12 
42949672.00 42949672.00 42949672.00 172.20 166.14 42949672.00 42949672.00 42949672.00 141.90 135.84 129.78 123.72 117.66 111.60 42949672.00 99.48 42949672.00 87.36 42949672.00 42949672.00 69.18 
196.44 190.38 184.32 42949672.00 172.20 166.14 160.08 154.02 147.96 42949672.00 135.84 42949672.00 123.72 42949672.00 42949672.00 42949672.00 42949672.00 93.42 87.36 42949672.00 75.24 
202.50 42949672.00 190.38 184.32 178.26 42949672.00 166.14 160.08 154.02 147.96 42949672.00 135.84 129.78 42949672.00 42949672.00 111.60 42949672.00 42949672.00 93.42 87.36 42949672.00 
208.56 42949672.00 42949672.00 190.38 184.32 42949672.00 172.20 166.14 160.08 154.02 147.96 141.90 135.84 129.78 123.72 117.66 42949672.00 42949672.00 99.48 93.42 42949672.00 
42949672.00 208.56 202.50 196.44 190.38 184.32 178.26 172.20 42949672.00 160.08 154.02 147.96 141.90 135.84 129.78 42949672.00 117.66 111.60 105.54 42949672.00 93.42 
42949672.00 214.62 208.56 42949672.00 196.44 190.38 42949672.00 42949672.00 42949672.00 166.14 160.08 42949672.00 147.96 42949672.00 42949672.00 42949672.00 42949672.00 42949672.00 111.60 105.54 99.48 
226.74 42949672.00 214.62 208.56 202.50 196.44 190.38 42949672.00 178.26 172.20 166.14 42949672.00 42949672.00 42949672.00 141.90 135.84 42949672.00 123.72 42949672.00 42949672.00 105.54 
232.80 226.74 42949672.00 42949672.00 208.56 202.50 196.44 190.38 184.32 178.26 42949672.00 166.14 160.08 154.02 147.96 42949672.00 135.84 129.78 123.72 117.66 42949672.00 
238.86 232.80 42949672.00 42949672.00 214.62 208.56 42949672.00 42949672.00 42949672.00 42949672.00 42949672.00 172.20 166.14 42949672.00 42949672.00 42949672.00 141.90 135.84 42949672.00 123.72 117.66 
244.92 238.86 232.80 226.74 42949672.00 42949672.00 208.56 202.50 196.44 42949672.00 184.32 178.26 42949672.00 42949672.00 42949672.00 154.02 42949672.00 42949672.00 42949672.00 42949672.00 42949672.00 
250.98 42949672.00 238.86 232.80 226.74 220.68 42949672.00 208.56 202.50 196.44 190.38 42949672.00 178.26 42949672.00 166.14 42949672.00 154.02 147.96 141.90 135.84 129.78 
42949672.00 42949672.00 244.92 238.86 42949672.00 226.74 220.68 214.62 208.56 202.50 42949672.00 42949672.00 42949672.00 42949672.00 172.20 42949672.00 160.08 154.02 147.96 141.90 135.84 
263.10 257.04 250.98 244.92 238.86 232.80 226.74 220.68 42949672.00 42949672.00 42949672.00 42949672.00 190.38 184.32 178.26 42949672.00 42949672.00 160.08 42949672.00 147.96 141.90 
42949672.00 263.10 257.04 250.98 244.92 42949672.00 42949672.00 226.74 220.68 42949672.00 208.56 202.50 196.44 190.38 184.32 178.26 172.20 42949672.00 160.08 154.02 147.96 
275.22 269.16 42949672.00 257.04 250.98 244.92 238.86 232.80 42949672.00 220.68 214.62 208.56 202.50 42949672.00 190.38 42949672.00 42949672.00 172.20 42949672.00 42949672.00 154.02 
42949672.00 42949672.00 269.16 42949672.00 257.04 250.98 42949672.00 238.86 232.80 226.74 220.68 214.62 42949672.00 202.50 42949672.00 190.38 184.32 42949672.00 42949672.00 42949672.00 160.08 
287.34 42949672.00 275.22 269.16 263.10 257.04 250.98 244.92 238.86 232.80 42949672.00 220.68 214.62 208.56 202.50 196.44 190.38 42949672.00 42949672.00 172.20 42949672.00 
293.40 287.34 281.28 275.22 269.16 42949672.00 257.04 250.98 244.92 42949672.00 42949672.00 226.74 220.68 42949672.00 208.56 202.50 196.44 190.38 184.32 178.26 42949672.00 
42949672.00 42949672.00 287.34 281.28 275.22 269.16 263.10 257.04 250.98 244.92 42949672.00 232.80 226.74 220.68 214.62 208.56 202.50 42949672.00 42949672.00 42949672.00 178.26 
305.52 299.46 42949672.00 287.34 42949672.00 275.22 269.16 263.10 257.04 250.98 42949672.00 238.86 232.80 226.74 220.68 214.62 42949672.00 202.50 42949672.00 190.38 42949672.00 
311.58 305.52 299.46 293.40 287.34 281.28 275.22 42949672.00 263.10 42949672.00 250.98 244.92 238.86 232.80 226.74 220.68 214.62 208.56 202.50 196.44 190.38 

(0.00,14.64) (6.06,14.64) (12.12,14.64) (18.18,14.64) (24.24,14.64) (30.30,14.64) (36.36,14.64) (42.42,14.64) (48.48,14.64) (54.54,14.64) (60.60,14.64) (66.66,14.64) (72.72,14.64) (78.78,14.64) (84.84,14.64) (90.90,14.64) (96.96,14.64) (103.02,14.64) (109.08,14.64) (115.14,14.64) (121.20,14.64) (127.26,14.64) (133.32,14.64) (139.38,14.64) (145.44,14.64) (151.50,14.64) (157.56,14.64) (163.62,14.64) (169.68,14.64) (175.74,14.64) (181.80,14.64) (187.86,14.64) (193.92,14.64) (199.98,14.64) (206.04,14.64) (212.10,14.64) (218.16,14.64) (224.22,14.64) (230.28,14.64) (236.34,14.64) (242.40,14.64) (248.46,14.64) (254.52,14.64) (260.58,14.64) (266.64,14.64) (272.70,14.64) (278.76,14.64) (284.82,14.64) (290.88,14.64) (296.94,14.64) 
(0.00,0.00) (6.06,0.00) (12.12,0.00) (18.18,0.00) (24.24,0.00) (30.30,0.00) (36.36,0.00) (42.42,0.00) (48.48,0.00) (54.54,0.00) (60.60,0.00) (66.66,0.00) (72.72,0.00) (78.78,0.00) (84.84,0.00) (90.90,0.00) (96.96,0.00) (103.02,0.00) (109.08,0.00) (115.14,0.00) (121.20,0.00) 
