20
8
4

1 1 1 0 0 1 1 1 1 1 1 1 1 1 1 1 1 1 1 1 
1 1 1 0 0 1 1 1 1 1 1 1 1 1 1 1 1 1 1 1 
1 1 1 0 0 1 1 1 1 1 1 1 1 1 1 1 1 1 1 1 
1 1 1 1 0 1 1 1 1 1 1 1 1 1 1 1 1 1 1 1 
1 1 1 0 1 1 1 1 1 1 1 1 1 1 1 1 1 1 1 1 
1 1 1 0 0 1 1 1 1 1 1 1 1 1 1 1 1 1 1 1 
1 1 1 0 0 1 1 1 1 1 1 1 1 1 1 1 1 1 1 1 
1 1 1 0 0 1 1 1 1 1 1 1 1 1 1 1 1 1 1 1 
1 1 1 0 0 1 1 1 1 1 1 1 1 1 1 1 1 1 1 1 
1 1 1 0 0 1 1 1 1 1 1 1 1 1 1 1 1 1 1 1 
1 1 1 0 0 1 1 1 1 1 1 1 1 1 1 1 1 1 1 1 
1 1 1 0 0 1 1 1 1 1 1 1 1 1 1 1 1 1 1 1 
1 1 1 0 0 1 1 1 1 1 1 1 1 1 1 1 1 1 1 1 
1 1 1 0 0 1 1 1 1 1 1 1 1 1 1 1 1 1 1 1 
1 1 1 0 0 1 1 1 1 1 1 1 1 1 1 1 1 1 1 1 
0 0 0 0 0 0 0 0 0 0 0 0 0 0 0 1 0 0 0 0 
1 1 1 0 0 1 1 1 1 1 1 1 1 1 1 1 1 1 1 1 
1 1 1 0 0 1 1 1 1 1 1 1 1 1 1 1 1 1 1 1 
1 1 1 0 0 1 1 1 1 1 1 1 1 1 1 1 1 1 1 1 
1 1 1 0 0 1 1 1 1 1 1 1 1 1 1 1 1 1 1 1 

5 3 7 4 0 4 9 2 
9 3 4 9 3 7 0 9 
3 0 8 1 1 9 2 2 
9 7 8 1 8 6 2 7 
2 3 9 4 8 7 0 9 
7 3 5 8 2 2 3 4 
3 7 7 1 9 8 1 1 
0 3 6 4 1 1 4 6 
5 8 1 1 1 7 7 8 
2 1 7 8 0 9 5 4 
1 8 6 4 7 6 2 8 
4 4 4 1 4 2 7 1 
1 6 5 4 9 9 1 0 
8 8 5 1 6 9 2 5 
9 3 6 8 7 5 0 4 
1 8 8 2 6 2 6 4 
7 9 2 0 7 9 9 5 
5 9 7 9 6 3 5 5 
8 7 7 0 6 2 9 3 
1 1 5 6 0 1 6 8 
