20
8
3

1 1 1 0 0 0 1 0 0 0 1 1 1 1 1 1 0 1 0 1 
1 1 1 0 0 0 1 0 0 0 1 1 1 1 1 1 0 1 0 1 
1 1 1 0 0 0 1 0 0 0 1 1 1 1 1 1 0 1 0 1 
0 0 0 1 0 0 0 0 0 0 0 0 0 0 0 0 0 0 0 0 
1 1 1 1 1 1 1 1 0 0 1 1 1 1 1 1 0 1 1 1 
1 1 1 1 1 1 1 1 0 0 1 1 1 1 1 1 0 1 1 1 
0 0 0 0 0 0 1 0 0 0 0 0 0 0 0 0 0 0 0 0 
1 1 1 0 0 0 1 1 0 0 1 1 1 1 1 1 0 1 1 1 
1 1 1 0 0 0 1 0 1 0 1 1 1 1 1 1 0 1 0 1 
1 1 1 0 0 0 1 1 0 1 1 1 1 1 1 1 0 1 1 1 
1 1 1 0 0 0 1 0 0 0 1 1 1 1 1 1 0 1 0 1 
0 0 0 0 0 0 0 0 0 0 0 1 0 0 0 0 0 0 0 0 
1 1 1 0 0 0 1 0 0 0 1 1 1 1 1 1 0 1 0 1 
1 1 1 0 0 0 1 0 0 0 1 1 1 1 1 1 0 1 0 1 
1 1 1 0 0 0 1 0 0 0 1 1 1 1 1 1 0 1 0 1 
1 1 1 0 0 0 1 0 0 0 1 1 1 1 1 1 0 1 0 1 
1 1 1 1 0 0 1 0 0 0 1 1 1 1 1 1 1 1 0 1 
1 1 1 0 0 0 1 0 0 0 1 1 1 1 1 1 0 1 0 1 
1 1 1 0 0 0 1 1 0 0 1 1 1 1 1 1 0 1 1 1 
1 1 1 0 0 0 1 0 0 0 1 1 1 1 1 1 0 1 0 1 

9 7 0 5 0 4 9 6 
2 8 1 7 6 1 8 4 
5 8 9 8 1 2 5 2 
8 1 5 8 8 4 6 7 
1 0 3 3 8 1 3 9 
8 6 9 6 6 7 9 7 
1 2 6 2 1 8 3 8 
3 4 7 1 4 2 2 5 
4 8 8 7 8 6 4 8 
1 2 1 9 0 0 1 5 
3 7 7 9 6 4 4 1 
7 8 5 7 7 5 8 8 
3 0 8 3 0 1 5 6 
8 9 2 2 0 5 0 3 
6 2 6 4 9 7 7 3 
2 3 5 7 1 8 8 5 
8 7 5 9 7 2 9 7 
2 3 2 7 7 4 5 8 
0 1 0 7 4 3 8 8 
2 2 5 4 4 7 0 6 
