20
8
3

1 0 1 1 0 1 0 1 0 1 1 1 1 0 1 1 1 1 1 1 
0 1 1 1 0 1 0 1 0 1 1 1 1 0 1 1 1 1 1 1 
0 0 1 1 0 1 0 1 0 1 1 1 1 0 1 1 1 1 1 1 
0 0 1 1 0 1 0 1 0 1 1 1 1 0 1 1 1 1 1 1 
0 0 1 1 1 1 1 1 0 1 1 1 1 0 1 1 1 1 1 1 
0 0 1 1 0 1 0 1 0 1 1 1 1 0 1 1 1 1 1 1 
0 0 1 1 0 1 1 1 0 1 1 1 1 0 1 1 1 1 1 1 
0 0 1 1 0 1 0 1 0 1 1 1 1 0 1 1 1 1 1 1 
0 0 1 1 0 1 0 1 1 1 1 1 1 0 1 1 1 1 1 1 
0 0 1 1 0 1 0 1 0 1 1 1 1 0 1 1 1 1 1 1 
0 0 1 1 0 1 0 1 0 1 1 1 1 0 1 1 1 1 1 1 
0 0 1 1 0 1 0 1 0 1 1 1 1 0 1 1 1 1 1 1 
0 0 1 1 0 1 0 1 0 1 1 1 1 0 1 1 1 1 1 1 
0 0 1 1 0 1 1 1 0 1 1 1 1 1 1 1 1 1 1 1 
0 0 1 1 0 1 0 1 0 1 1 1 1 0 1 1 1 1 1 1 
0 0 1 1 0 1 0 1 0 1 1 1 1 0 1 1 1 1 1 1 
0 0 1 1 0 1 0 1 0 1 1 1 1 0 1 1 1 1 1 1 
0 0 0 0 0 0 0 0 0 0 0 0 0 0 0 0 0 1 0 0 
0 0 1 1 0 1 0 1 0 1 1 1 1 0 1 1 1 1 1 1 
0 0 1 1 0 1 0 1 0 1 1 1 1 0 1 1 1 1 1 1 

4 4 5 0 5 3 9 1 
0 7 3 4 2 0 2 6 
8 9 4 5 4 8 4 0 
4 4 6 5 4 9 5 1 
4 4 6 2 3 4 6 3 
7 3 8 7 7 5 9 9 
3 8 8 7 2 3 2 5 
3 0 3 8 7 6 7 6 
5 9 3 3 0 1 5 2 
2 1 0 0 4 3 7 5 
7 0 7 8 4 7 2 9 
2 6 7 1 5 2 5 3 
0 2 3 8 0 5 4 6 
6 7 1 8 9 7 7 9 
5 5 6 3 7 2 8 8 
8 5 1 7 1 6 6 6 
9 7 2 5 4 9 4 1 
4 7 8 2 9 2 2 4 
9 2 2 3 9 1 6 9 
6 7 4 2 7 9 1 0 
