20
8
3

1 1 1 0 1 1 1 1 1 1 0 1 0 1 0 1 1 1 1 1 
0 1 0 0 0 0 0 1 0 0 0 0 0 0 0 0 0 0 0 0 
1 1 1 0 1 1 1 1 1 1 0 1 0 1 0 1 1 1 1 1 
1 1 1 1 1 1 1 1 1 1 0 1 0 1 1 1 1 1 1 1 
1 1 1 0 1 1 1 1 1 1 0 1 0 1 0 1 1 1 1 1 
0 0 0 0 0 1 0 0 0 0 0 0 0 0 0 0 0 0 0 0 
1 1 1 0 1 1 1 1 1 1 0 1 0 1 0 1 1 1 1 1 
0 0 0 0 0 0 0 1 0 0 0 0 0 0 0 0 0 0 0 0 
1 1 1 0 1 1 1 1 1 1 0 1 0 1 0 1 1 1 1 1 
0 0 0 0 0 0 0 1 0 1 0 0 0 0 0 0 0 0 0 0 
1 1 1 0 1 1 1 1 1 1 1 1 0 1 0 1 1 1 1 1 
0 0 0 0 0 1 0 0 0 0 0 1 0 0 0 0 0 0 0 0 
0 0 0 0 0 1 0 0 0 0 0 1 1 0 0 0 0 0 0 0 
1 1 1 0 1 1 1 1 1 1 0 1 0 1 0 1 1 1 1 1 
1 1 1 0 1 1 1 1 1 1 0 1 0 1 1 1 1 1 1 1 
1 1 1 0 1 1 1 1 1 1 0 1 0 1 0 1 1 1 1 1 
1 1 1 0 1 1 1 1 1 1 0 1 0 1 0 1 1 1 1 1 
1 1 1 0 1 1 1 1 1 1 0 1 0 1 0 1 1 1 1 1 
1 1 1 0 1 1 1 1 1 1 0 1 0 1 0 1 1 1 1 1 
1 1 1 0 1 1 1 1 1 1 0 1 0 1 0 1 1 1 1 1 

7 3 0 3 5 8 5 7 
1 3 4 5 4 2 7 2 
8 4 3 1 7 1 7 1 
2 2 9 4 1 3 4 7 
9 8 8 7 4 4 8 5 
1 4 9 6 8 5 5 8 
3 8 0 3 3 1 6 2 
8 1 7 4 7 7 7 4 
0 0 4 9 5 4 4 8 
5 9 3 9 2 4 2 1 
1 3 1 9 5 3 2 9 
5 5 7 4 1 4 9 2 
0 8 5 9 2 5 1 8 
9 1 7 0 9 5 1 7 
0 4 2 6 2 1 2 8 
0 0 0 1 4 3 5 5 
2 8 1 5 5 6 8 7 
5 8 1 5 8 4 7 8 
5 0 6 8 0 2 5 4 
6 5 4 0 5 2 1 3 
