20
8
3

1 0 1 1 1 1 1 1 1 1 1 1 1 1 0 1 1 1 1 1 
0 1 1 1 1 1 1 1 1 1 1 1 1 1 0 1 1 1 1 1 
0 0 1 1 1 1 1 1 1 1 1 1 1 1 0 1 1 1 1 1 
0 0 1 1 1 1 1 1 1 1 1 1 1 1 0 1 1 1 1 1 
0 0 1 1 1 1 1 1 1 1 1 1 1 1 0 1 1 1 1 1 
0 0 0 0 0 1 0 0 0 0 0 0 0 0 0 0 0 0 0 0 
0 0 1 1 1 1 1 1 1 1 1 1 1 1 0 1 1 1 1 1 
0 0 0 0 0 0 0 1 0 0 0 0 0 0 0 0 0 0 0 0 
0 0 0 0 0 0 0 0 1 0 0 0 0 0 0 0 0 0 0 0 
0 0 0 0 0 0 0 1 0 1 0 0 0 0 0 0 0 0 0 0 
0 0 0 0 0 0 0 0 1 0 1 0 0 0 0 0 0 0 0 0 
0 0 1 1 1 1 1 1 1 1 1 1 1 1 0 1 1 1 1 1 
0 0 1 1 1 1 1 1 1 1 1 1 1 1 0 1 1 1 1 1 
0 0 0 0 0 0 0 0 1 0 1 0 0 1 0 0 0 0 0 0 
0 0 0 0 0 0 0 0 0 0 0 0 0 0 1 0 0 0 0 0 
0 0 1 1 1 1 1 1 1 1 1 1 1 1 0 1 1 1 1 1 
0 0 1 1 1 1 1 1 1 1 1 1 1 1 0 1 1 1 1 1 
0 0 1 1 1 1 1 1 1 1 1 1 1 1 0 1 1 1 1 1 
0 0 1 1 1 1 1 1 1 1 1 1 1 1 0 1 1 1 1 1 
0 0 1 1 1 1 1 1 1 1 1 1 1 1 0 1 1 1 1 1 

5 8 4 1 5 2 1 6 
1 2 9 0 7 6 7 3 
8 1 5 3 9 3 6 7 
4 2 7 3 5 1 4 0 
0 3 4 2 6 1 1 9 
6 0 9 3 7 4 3 9 
1 2 1 2 3 7 6 4 
1 2 8 3 1 2 3 8 
3 0 2 6 2 9 7 4 
1 4 7 5 9 2 1 0 
1 0 0 1 7 7 5 8 
4 4 9 7 0 1 2 9 
5 5 9 9 0 3 7 6 
5 2 3 0 9 7 8 5 
8 9 1 4 2 1 8 9 
1 5 2 1 4 6 6 0 
6 8 7 6 7 4 0 7 
4 9 1 9 8 1 5 5 
6 8 1 7 9 7 7 1 
3 3 0 5 4 9 9 6 
