20
8
3

1 1 0 0 0 0 0 1 0 0 0 0 0 0 1 0 1 0 1 0 
1 1 0 0 0 0 0 1 0 0 0 0 0 0 1 0 1 0 1 0 
1 1 1 0 1 1 0 1 1 1 1 1 1 0 1 1 1 1 1 1 
1 1 0 1 1 1 0 1 1 1 1 1 1 0 1 1 1 1 1 1 
1 1 0 0 1 1 0 1 1 1 1 1 1 0 1 1 1 1 1 1 
1 1 0 0 1 1 0 1 1 1 1 1 1 0 1 1 1 1 1 1 
1 1 0 0 0 0 1 1 0 0 0 0 0 0 1 0 1 0 1 0 
1 1 0 0 0 0 0 1 0 0 0 0 0 0 1 0 1 0 1 0 
1 1 0 0 1 1 0 1 1 1 1 1 1 0 1 1 1 1 1 1 
1 1 0 0 0 0 0 1 0 1 0 0 0 0 1 0 1 0 1 0 
1 1 0 0 1 1 0 1 1 1 1 1 1 0 1 1 1 1 1 1 
1 1 0 0 1 1 0 1 1 1 1 1 1 0 1 1 1 1 1 1 
1 1 0 0 1 1 0 1 1 1 1 1 1 0 1 1 1 1 1 1 
1 1 0 0 0 0 0 1 0 0 0 0 0 1 1 0 1 0 1 0 
1 1 0 0 0 0 0 1 0 0 0 0 0 0 1 0 1 0 1 0 
1 1 0 0 1 1 0 1 1 1 1 1 1 0 1 1 1 1 1 1 
1 1 0 0 0 0 0 1 0 0 0 0 0 0 1 0 1 0 1 0 
1 1 0 0 0 0 0 1 0 0 0 0 0 0 1 0 1 1 1 0 
1 1 0 0 0 0 0 1 0 0 0 0 0 0 1 0 1 0 1 0 
1 1 0 0 0 0 0 1 0 0 0 0 0 0 1 0 1 0 1 1 

9 1 7 4 2 2 3 3 
5 5 3 6 3 2 7 2 
8 2 5 8 1 5 4 8 
3 5 1 4 8 7 7 9 
3 8 9 7 9 1 8 1 
8 5 9 0 8 3 4 0 
2 2 7 8 2 6 4 1 
4 4 4 2 6 8 4 7 
8 5 7 9 4 9 2 0 
2 5 7 2 0 3 6 1 
7 3 5 0 4 3 4 9 
4 2 1 9 9 1 3 9 
0 9 7 8 6 6 0 4 
1 4 4 5 7 6 3 3 
3 9 5 3 5 2 2 8 
7 5 4 2 3 6 8 0 
1 5 3 1 5 1 7 0 
1 9 2 2 6 1 8 6 
4 0 1 6 0 5 3 1 
7 0 8 4 6 4 8 4 
