20
8
3

1 0 0 0 0 0 0 0 0 0 0 0 0 0 0 0 0 0 0 0 
0 1 0 0 0 0 0 0 0 0 0 0 0 0 0 0 0 0 0 0 
0 1 1 0 0 0 0 1 0 0 0 0 1 1 0 0 0 0 1 0 
0 1 0 1 0 0 0 1 0 0 0 0 1 1 0 0 1 1 1 1 
0 0 0 0 1 0 0 0 0 0 0 0 0 0 0 0 0 0 0 0 
1 0 0 0 0 1 0 0 0 0 0 0 0 0 1 0 0 0 0 0 
0 1 0 0 0 0 1 0 0 0 0 0 0 0 0 0 0 1 1 0 
0 0 0 0 0 0 0 1 0 0 0 0 0 0 0 0 0 0 0 0 
1 1 0 0 0 0 0 1 1 0 0 0 0 0 0 0 0 1 1 1 
0 0 0 0 0 0 0 0 0 1 0 0 0 0 0 0 0 0 0 0 
0 1 1 0 0 0 0 1 0 0 1 0 1 1 0 1 0 0 1 0 
0 0 0 0 0 0 0 0 0 0 0 1 0 0 0 0 0 0 0 0 
0 0 0 0 0 0 0 1 0 0 0 0 1 1 0 0 0 0 0 0 
0 0 0 0 0 0 0 0 0 0 0 0 0 1 0 0 0 0 0 0 
0 0 0 0 0 0 0 0 0 0 0 0 0 0 1 0 0 0 0 0 
0 1 0 0 0 0 0 0 0 0 0 0 0 0 0 1 0 0 0 0 
0 1 0 0 0 0 0 1 0 0 0 0 1 1 0 0 1 1 1 1 
0 1 0 0 0 0 0 0 0 0 0 0 0 0 0 0 0 1 1 0 
0 1 0 0 0 0 0 0 0 0 0 0 0 0 0 0 0 0 1 0 
0 1 0 0 0 0 0 0 0 0 0 0 0 0 0 0 0 1 1 1 

9 5 0 6 7 6 2 3 
1 5 7 1 6 3 8 4 
5 5 0 3 7 1 1 7 
9 6 2 1 8 5 6 4 
4 5 5 0 6 4 7 6 
4 2 9 4 7 5 2 4 
7 1 3 0 5 0 2 1 
7 0 1 8 1 7 9 0 
4 8 0 2 6 8 8 5 
1 8 6 2 7 1 0 2 
5 5 0 8 4 3 1 5 
1 8 4 1 5 2 5 8 
1 5 7 5 3 6 2 2 
5 3 1 3 0 7 7 4 
1 0 9 6 5 5 3 7 
1 0 1 9 5 7 6 2 
6 6 2 0 7 3 4 0 
1 0 1 7 0 7 0 7 
7 3 0 0 5 1 1 5 
5 2 9 6 4 8 6 5 
