20
8
3

1 0 0 0 0 0 0 0 1 0 0 0 0 0 0 0 0 0 0 0 
0 1 0 0 0 1 0 0 0 0 0 0 0 0 0 0 0 0 0 0 
0 0 1 0 0 0 0 0 0 0 0 0 0 0 0 0 0 0 0 0 
0 0 0 1 0 0 0 0 0 0 0 0 0 0 0 0 0 0 0 0 
0 0 0 0 1 1 0 0 0 0 0 0 0 0 0 0 0 0 0 0 
0 0 0 0 0 1 0 0 0 0 0 0 0 0 0 0 0 0 0 0 
0 1 0 0 0 1 1 0 0 0 0 1 0 0 0 0 0 0 0 0 
0 0 0 0 0 0 0 1 0 0 0 0 0 0 0 0 0 0 0 0 
0 0 0 0 0 0 0 0 1 0 0 0 0 0 0 0 0 0 0 0 
1 0 1 0 0 0 0 1 1 1 0 1 0 0 1 1 1 0 0 0 
0 0 0 0 0 0 0 0 0 0 1 0 0 0 0 0 0 0 0 0 
0 0 0 0 0 0 0 0 0 0 0 1 0 0 0 0 0 0 0 0 
0 0 0 0 0 1 0 0 0 0 0 0 1 0 0 0 0 0 0 0 
0 0 0 0 0 0 0 0 0 0 0 0 0 1 0 0 0 0 0 0 
1 0 1 0 0 0 0 1 1 0 0 1 0 0 1 1 0 0 0 0 
1 0 1 0 0 0 0 1 1 0 0 0 0 0 0 1 0 0 0 0 
1 0 1 0 0 0 0 1 1 0 0 1 0 0 1 1 1 0 0 0 
0 1 0 0 0 1 0 0 0 0 0 0 0 0 0 0 0 1 0 0 
1 0 1 0 0 1 0 1 1 1 0 1 1 0 1 1 1 0 1 0 
0 0 0 0 0 0 0 0 0 0 0 0 0 1 0 0 0 0 0 1 

7 3 6 5 6 4 3 2 
1 8 5 9 5 8 0 7 
8 4 9 3 6 7 9 6 
7 8 9 0 4 7 8 6 
8 0 6 0 5 7 5 3 
6 9 2 2 2 9 9 5 
1 3 8 0 9 2 0 4 
1 0 2 5 4 2 8 9 
8 5 4 1 0 2 1 7 
8 8 4 8 7 4 3 8 
0 3 0 3 2 8 9 8 
9 6 1 6 2 2 3 0 
0 7 9 9 2 5 5 7 
3 1 6 4 8 3 2 2 
8 2 1 7 4 4 6 8 
2 1 6 4 9 0 8 5 
1 7 1 7 2 5 7 7 
6 4 6 0 0 4 9 1 
8 1 1 5 2 0 8 7 
9 3 6 1 0 3 9 9 
