20
8
3

1 0 0 0 0 0 0 0 0 0 0 0 0 0 0 0 0 0 0 0 
1 1 1 1 1 1 0 1 1 1 1 1 1 0 1 0 0 1 0 1 
0 0 1 0 0 0 0 1 0 0 1 1 0 0 1 0 0 0 0 1 
0 0 0 1 0 0 0 0 0 0 0 0 0 0 0 0 0 0 0 0 
1 1 1 1 1 1 0 1 1 1 1 1 1 0 1 0 0 1 0 1 
1 1 1 1 1 1 0 1 1 1 1 1 1 0 1 0 0 1 0 1 
1 1 1 1 1 1 1 1 1 1 1 1 1 0 1 0 0 1 0 1 
0 0 0 0 0 0 0 1 0 0 0 0 0 0 0 0 0 0 0 0 
0 0 0 0 0 0 0 0 1 0 0 0 0 0 0 0 0 0 0 0 
1 1 1 1 1 1 0 1 1 1 1 1 1 0 1 0 0 1 0 1 
0 0 0 0 0 0 0 1 0 0 1 0 0 0 0 0 0 0 0 1 
0 0 0 0 0 0 0 1 0 0 1 1 0 0 1 0 0 0 0 1 
1 1 1 1 1 1 0 1 1 1 1 1 1 0 1 0 0 1 0 1 
1 1 1 1 1 1 0 1 1 1 1 1 1 1 1 0 0 1 0 1 
0 0 0 0 0 0 0 0 0 0 0 0 0 0 1 0 0 0 0 0 
1 1 1 1 1 1 0 1 1 1 1 1 1 0 1 1 1 1 0 1 
1 1 1 1 1 1 0 1 1 1 1 1 1 0 1 0 1 1 0 1 
1 1 1 1 1 1 0 1 1 1 1 1 1 0 1 0 0 1 0 1 
1 1 1 1 1 1 0 1 1 1 1 1 1 0 1 0 0 1 1 1 
0 0 0 0 0 0 0 1 0 0 0 0 0 0 0 0 0 0 0 1 

1 7 3 0 5 8 3 5 
6 5 4 7 5 1 3 6 
7 6 1 5 1 9 0 7 
1 8 5 9 0 9 0 3 
7 9 0 4 1 5 4 8 
2 5 5 1 6 3 7 1 
0 2 0 6 9 8 5 2 
3 4 0 9 7 7 1 7 
6 8 5 8 0 0 0 0 
4 0 4 7 2 8 0 7 
9 2 4 3 7 5 6 5 
1 9 6 5 3 8 3 7 
7 0 9 2 7 1 8 0 
9 8 3 1 0 2 1 9 
1 8 8 2 5 5 6 5 
6 8 6 1 2 9 3 3 
4 4 5 5 9 6 3 1 
8 7 2 0 7 3 8 2 
3 1 6 1 3 4 0 7 
3 1 2 4 5 2 8 9 
