20
8
3

1 1 1 1 0 1 1 1 0 1 1 1 0 1 1 1 1 1 1 1 
1 1 1 1 0 1 1 1 0 1 1 1 0 1 1 1 1 1 1 1 
1 1 1 1 0 1 1 1 0 1 1 1 0 1 1 1 1 1 1 1 
1 1 1 1 0 1 1 1 0 1 1 1 0 1 1 1 1 1 1 1 
1 1 1 1 1 1 1 1 0 1 1 1 0 1 1 1 1 1 1 1 
1 1 1 1 0 1 1 1 0 1 1 1 0 1 1 1 1 1 1 1 
1 1 1 1 0 1 1 1 0 1 1 1 0 1 1 1 1 1 1 1 
0 0 0 0 0 0 0 1 0 0 0 0 0 0 0 0 0 0 0 0 
1 1 1 1 0 1 1 1 1 1 1 1 0 1 1 1 1 1 1 1 
1 1 1 1 0 1 1 1 0 1 1 1 0 1 1 1 1 1 1 1 
1 1 1 1 0 1 1 1 0 1 1 1 0 1 1 1 1 1 1 1 
0 0 0 0 0 0 0 0 0 0 0 1 0 0 0 0 0 0 0 0 
1 1 1 1 0 1 1 1 0 1 1 1 1 1 1 1 1 1 1 1 
1 1 1 1 0 1 1 1 0 1 1 1 0 1 1 1 1 1 1 1 
1 1 1 1 0 1 1 1 0 1 1 1 0 1 1 1 1 1 1 1 
1 1 1 1 0 1 1 1 0 1 1 1 0 1 1 1 1 1 1 1 
1 1 1 1 0 1 1 1 0 1 1 1 0 1 1 1 1 1 1 1 
1 1 1 1 0 1 1 1 0 1 1 1 0 1 1 1 1 1 1 1 
1 1 1 1 0 1 1 1 0 1 1 1 0 1 1 1 1 1 1 1 
1 1 1 1 0 1 1 1 0 1 1 1 0 1 1 1 1 1 1 1 

5 1 1 8 8 9 0 9 
9 3 9 6 6 3 2 6 
4 2 7 6 3 3 3 3 
4 4 1 6 6 8 4 3 
8 2 3 2 9 7 6 5 
6 0 1 1 1 1 7 9 
3 2 2 8 3 0 1 7 
6 6 3 0 7 5 6 1 
4 0 6 7 8 1 8 5 
6 2 0 0 6 8 4 6 
9 9 7 7 7 2 6 1 
5 1 2 6 6 9 2 5 
2 8 4 9 9 2 9 0 
4 3 7 6 0 9 9 5 
0 3 2 8 5 3 4 5 
3 5 7 5 7 1 4 4 
4 4 3 1 6 1 2 7 
1 0 4 0 9 9 6 5 
5 9 5 7 8 2 3 5 
4 7 7 0 1 8 0 3 
