20
8
3

1 1 0 1 1 1 1 0 1 1 1 1 1 1 1 0 1 1 0 1 
0 1 0 0 0 0 0 0 0 0 0 0 0 0 0 0 0 0 0 0 
0 0 1 0 0 0 0 0 0 0 0 0 0 0 0 0 0 0 0 0 
1 1 0 1 1 1 1 0 1 1 1 1 1 1 1 0 1 1 0 1 
1 1 0 1 1 1 1 0 1 1 1 1 1 1 1 0 1 1 0 1 
1 1 0 1 1 1 1 0 1 1 1 1 1 1 1 0 1 1 0 1 
1 1 0 1 1 1 1 0 1 1 1 1 1 1 1 0 1 1 0 1 
0 0 0 0 0 0 0 1 0 0 0 0 0 0 0 0 0 0 0 0 
1 1 0 1 1 1 1 0 1 1 1 1 1 1 1 0 1 1 0 1 
1 1 0 1 1 1 1 0 1 1 1 1 1 1 1 0 1 1 0 1 
1 1 0 1 1 1 1 0 1 1 1 1 1 1 1 0 1 1 0 1 
1 1 0 1 1 1 1 0 1 1 1 1 1 1 1 0 1 1 0 1 
0 0 0 0 0 0 0 0 0 0 0 0 1 0 0 0 0 0 0 0 
0 0 0 0 0 0 0 0 0 0 0 0 0 1 0 0 0 0 0 0 
1 1 0 1 1 1 1 0 1 1 1 1 1 1 1 0 1 1 0 1 
1 1 0 1 1 1 1 0 1 1 1 1 1 1 1 1 1 1 0 1 
1 1 0 1 1 1 1 0 1 1 1 1 1 1 1 0 1 1 0 1 
1 1 0 1 1 1 1 0 1 1 1 1 1 1 1 0 1 1 0 1 
0 0 0 0 0 0 0 0 0 0 0 0 0 0 0 0 0 0 1 0 
1 1 0 1 1 1 1 0 1 1 1 1 1 1 1 0 1 1 0 1 

2 5 8 3 5 3 0 2 
7 7 8 8 1 3 5 0 
3 7 4 9 7 3 3 8 
1 1 8 3 7 9 9 1 
0 7 4 6 1 6 4 3 
5 8 2 8 9 1 7 9 
0 8 4 1 8 5 8 3 
2 6 1 2 5 0 6 3 
7 2 5 6 9 1 7 1 
0 1 1 8 8 3 2 1 
9 9 8 4 8 1 0 8 
5 8 5 9 8 5 1 9 
1 8 5 1 8 2 7 3 
3 0 5 4 6 1 7 5 
6 3 3 0 1 8 0 5 
9 1 2 6 1 2 9 7 
0 9 2 7 7 5 3 3 
1 4 9 6 2 0 1 0 
8 5 6 5 0 3 5 1 
2 3 2 3 3 3 1 1 
