20
8
3

1 1 0 1 1 0 0 1 0 1 1 1 1 1 1 0 1 1 1 1 
0 1 0 0 0 0 0 0 0 1 1 0 0 1 0 0 0 0 1 0 
0 1 1 1 1 1 0 1 0 1 1 1 1 1 1 0 1 1 1 1 
0 1 0 1 1 0 0 1 0 1 1 1 1 1 1 0 1 1 1 1 
0 1 0 1 1 0 0 1 0 1 1 1 1 1 1 0 1 1 1 1 
0 1 0 1 1 1 0 1 0 1 1 1 1 1 1 0 1 1 1 1 
0 0 0 0 0 0 1 0 0 0 0 0 0 0 0 0 0 0 0 0 
0 1 0 1 1 0 0 1 0 1 1 1 1 1 1 0 1 1 1 1 
0 1 0 1 1 0 0 1 1 1 1 1 1 1 1 0 1 1 1 1 
0 1 0 0 0 0 0 0 0 1 1 0 0 1 0 0 0 0 1 0 
0 0 0 0 0 0 0 0 0 0 1 0 0 0 0 0 0 0 1 0 
0 1 0 1 1 0 0 1 0 1 1 1 1 1 1 0 1 1 1 1 
0 1 0 1 1 0 0 1 0 1 1 1 1 1 1 0 1 1 1 1 
0 0 0 0 0 0 0 0 0 0 0 0 0 1 0 0 0 0 0 0 
0 0 0 0 0 0 0 0 0 0 0 0 0 0 1 0 0 0 0 0 
1 1 0 1 1 0 0 1 0 1 1 1 1 1 1 1 1 1 1 1 
0 1 0 1 1 0 0 1 0 1 1 1 1 1 1 0 1 1 1 1 
0 1 0 1 1 0 0 1 0 1 1 1 1 1 1 0 1 1 1 1 
0 0 0 0 0 0 0 0 0 0 0 0 0 0 0 0 0 0 1 0 
0 1 0 0 0 0 0 0 0 1 1 0 0 1 0 0 0 0 1 1 

6 3 3 9 0 5 8 9 
7 8 9 9 6 9 3 6 
6 0 1 1 7 2 0 1 
4 5 5 7 7 0 3 1 
8 4 8 2 1 5 0 9 
1 1 7 1 3 4 4 1 
5 8 4 2 4 6 1 1 
8 1 8 0 1 0 7 3 
5 0 6 0 1 9 4 5 
1 4 5 6 7 5 1 0 
3 8 4 1 9 7 2 4 
6 4 0 0 1 5 0 7 
1 0 3 2 4 0 9 9 
9 4 0 7 6 1 4 7 
8 9 0 0 3 3 8 9 
2 4 9 9 8 8 1 4 
1 9 4 9 0 7 1 4 
2 8 5 3 2 7 4 3 
9 4 2 4 8 1 8 3 
3 3 6 8 8 0 1 5 
