20
8
3

1 0 0 0 0 0 0 0 0 0 0 0 0 0 0 0 0 0 0 0 
1 1 1 0 1 0 0 0 0 1 0 1 0 0 0 0 1 1 0 1 
1 1 1 0 1 0 0 0 0 1 0 1 0 0 0 0 1 1 0 1 
0 0 0 1 0 0 0 0 0 0 0 0 0 0 0 0 0 0 0 0 
1 1 1 0 1 0 0 0 0 1 0 1 0 0 0 0 1 1 0 1 
0 0 0 0 0 1 0 0 0 0 0 0 0 0 0 0 0 0 0 0 
1 1 1 1 1 0 1 0 0 1 1 1 0 0 0 0 1 1 1 1 
0 0 0 0 0 0 0 1 0 0 0 0 0 0 0 0 0 0 0 0 
1 1 1 0 1 0 0 0 1 1 0 1 0 0 0 0 1 1 0 1 
1 1 1 0 1 0 0 0 0 1 0 1 0 0 0 0 1 1 0 1 
0 0 0 0 0 0 0 0 0 0 1 0 0 0 0 0 0 0 0 0 
0 0 0 0 0 0 0 0 0 0 0 1 0 0 0 0 0 0 0 0 
1 1 1 0 1 0 0 0 1 1 0 1 1 0 0 0 1 1 0 1 
0 0 0 0 0 0 0 0 0 0 0 0 0 1 0 0 0 0 0 0 
1 1 1 0 1 0 0 1 0 1 0 1 0 0 1 0 1 1 0 1 
1 0 0 0 0 1 0 0 0 0 0 0 0 0 0 1 0 0 0 0 
0 0 0 0 0 0 0 0 0 0 0 1 0 0 0 0 1 0 0 0 
1 1 1 0 1 0 0 0 0 1 0 1 0 0 0 0 1 1 0 1 
1 1 1 0 1 0 0 0 0 1 0 1 0 0 0 0 1 1 1 1 
1 1 1 0 1 0 0 0 0 1 0 1 0 0 0 0 1 1 0 1 

2 5 0 5 3 7 6 6 
5 1 2 1 3 9 7 2 
7 3 8 6 0 6 8 5 
6 6 6 9 7 6 9 1 
4 2 2 8 4 6 3 7 
8 6 7 5 9 6 8 3 
1 8 1 2 6 9 4 6 
8 4 3 2 4 0 8 6 
3 2 2 9 3 4 9 3 
7 7 8 9 6 1 7 4 
7 5 6 2 9 6 5 1 
7 0 4 9 2 3 8 7 
3 1 1 0 9 3 1 6 
4 3 4 5 1 7 8 7 
7 3 9 6 9 3 8 9 
7 4 7 3 9 1 6 1 
8 0 2 5 9 8 0 5 
8 4 5 8 4 2 0 0 
7 1 5 2 1 7 8 0 
5 2 7 7 0 6 5 9 
