20
8
3

1 0 1 1 1 1 1 1 0 1 1 1 1 1 1 0 0 1 0 1 
1 1 1 1 1 1 1 1 1 1 1 1 1 1 1 0 0 1 0 1 
1 0 1 1 1 1 1 1 0 1 1 1 1 1 1 0 0 1 0 1 
1 0 1 1 1 1 1 1 0 1 1 1 1 1 1 0 0 1 0 1 
0 0 0 0 1 0 0 0 0 0 0 0 0 0 0 0 0 0 0 0 
1 0 1 1 1 1 1 1 0 1 1 1 1 1 1 0 0 1 0 1 
1 0 1 1 1 1 1 1 0 1 1 1 1 1 1 0 0 1 0 1 
1 0 1 1 1 1 1 1 0 1 1 1 1 1 1 0 0 1 0 1 
1 0 1 1 1 1 1 1 1 1 1 1 1 1 1 0 0 1 0 1 
1 0 1 1 1 1 1 1 0 1 1 1 1 1 1 0 0 1 0 1 
1 0 1 1 1 1 1 1 0 1 1 1 1 1 1 0 0 1 0 1 
1 0 1 1 1 1 1 1 0 1 1 1 1 1 1 0 0 1 0 1 
0 0 0 0 0 0 0 0 0 0 0 0 1 0 0 0 0 0 0 0 
1 0 1 1 1 1 1 1 0 1 1 1 1 1 1 0 0 1 0 1 
1 0 1 1 1 1 1 1 0 1 1 1 1 1 1 0 0 1 0 1 
0 0 0 0 0 0 0 0 0 0 0 0 0 0 0 1 0 0 0 0 
1 0 1 1 1 1 1 1 0 1 1 1 1 1 1 0 1 1 0 1 
0 0 0 0 0 0 0 0 0 0 0 0 0 0 0 0 0 1 0 0 
1 0 1 1 1 1 1 1 0 1 1 1 1 1 1 0 1 1 1 1 
1 0 1 1 1 1 1 1 0 1 1 1 1 1 1 0 0 1 0 1 

0 2 9 5 9 0 7 7 
3 5 8 4 9 8 6 9 
8 2 6 7 3 1 1 7 
4 8 3 3 5 7 7 8 
1 6 1 8 9 9 0 7 
8 8 5 0 6 3 4 7 
1 8 0 2 9 9 4 7 
9 9 4 3 6 8 8 3 
2 3 8 3 6 9 4 4 
2 9 6 7 0 5 7 7 
5 3 9 7 3 0 0 1 
8 7 5 6 8 6 4 0 
4 1 3 7 2 8 1 3 
6 7 5 8 7 7 6 0 
9 9 9 9 0 0 2 9 
6 7 6 6 1 4 7 9 
5 3 8 2 1 5 9 8 
9 7 0 9 4 4 7 0 
0 1 7 9 3 4 7 0 
4 4 4 3 9 3 4 4 
