20
8
3

1 0 1 1 1 0 0 0 0 0 0 0 0 0 0 1 1 0 1 1 
0 1 0 0 0 0 0 1 1 0 0 0 0 0 0 0 0 0 0 0 
0 0 1 1 1 0 0 0 0 0 0 0 0 0 0 1 1 0 1 1 
0 0 0 1 1 0 0 0 0 0 0 0 0 0 0 0 1 0 0 1 
0 0 0 0 1 0 0 0 0 0 0 0 0 0 0 0 0 0 0 1 
0 0 0 0 0 1 0 0 0 0 0 0 0 0 0 0 0 0 0 0 
0 0 0 1 1 0 1 0 0 0 0 0 0 0 1 0 1 0 0 1 
0 1 0 0 0 0 0 1 1 0 0 0 0 0 0 0 0 0 0 0 
0 0 0 0 0 0 0 0 1 0 0 0 0 0 0 0 0 0 0 0 
0 0 1 1 1 0 0 0 0 1 0 0 0 0 0 1 1 0 1 1 
1 0 1 1 1 1 0 0 0 1 1 0 0 0 0 1 1 0 1 1 
0 0 0 0 0 0 0 0 0 0 0 1 0 0 0 0 0 0 0 0 
1 0 1 1 1 1 0 0 0 1 1 0 1 0 0 1 1 0 1 1 
0 0 1 1 1 0 0 0 0 0 0 0 0 1 0 1 1 0 1 1 
0 0 0 1 1 0 0 0 0 0 0 0 0 0 1 0 1 0 0 1 
0 0 1 1 1 0 0 0 0 0 0 0 0 0 0 1 1 0 1 1 
0 0 0 0 0 0 0 0 0 0 0 0 0 0 0 0 1 0 0 0 
0 1 0 1 1 0 0 1 1 0 0 0 0 0 1 0 1 1 0 1 
0 0 1 1 1 0 0 0 0 0 0 0 0 0 0 1 1 0 1 1 
0 0 0 0 1 0 0 0 0 0 0 0 0 0 0 0 0 0 0 1 

3 3 3 6 5 5 7 8 
6 4 8 6 7 5 8 3 
1 0 1 5 2 9 1 4 
3 8 7 0 3 5 2 4 
3 9 8 7 5 1 6 5 
4 1 5 6 0 3 7 5 
3 4 4 8 6 4 7 6 
4 5 3 4 9 4 1 3 
8 7 6 7 8 9 2 1 
1 1 8 7 8 7 7 1 
5 8 9 6 6 2 6 1 
5 8 2 7 5 9 8 4 
4 4 3 8 7 1 0 0 
0 5 3 6 5 3 9 7 
6 7 4 5 5 1 0 2 
0 9 2 9 9 2 1 4 
6 8 3 8 5 7 9 9 
6 6 2 7 8 6 6 4 
3 2 4 4 7 7 2 3 
0 5 5 4 8 0 7 7 
