20
8
3

1 1 1 1 1 1 0 1 1 1 1 1 0 1 1 1 1 1 0 1 
0 1 1 1 1 1 0 1 1 1 1 1 0 1 1 1 1 1 0 1 
0 1 1 1 1 1 0 1 1 1 1 1 0 1 1 1 1 1 0 1 
0 1 1 1 1 1 0 1 1 1 1 1 0 1 1 1 1 1 0 1 
0 1 1 1 1 1 0 1 1 1 1 1 0 1 1 1 1 1 0 1 
0 0 0 0 0 1 0 0 0 0 0 0 0 0 0 0 0 0 0 0 
0 0 0 0 0 0 1 0 0 0 0 0 0 0 0 0 0 0 0 0 
0 0 0 0 0 0 0 1 0 0 0 0 0 0 0 0 0 0 0 0 
0 1 1 1 1 1 0 1 1 1 1 1 0 1 1 1 1 1 0 1 
0 1 1 1 1 1 0 1 1 1 1 1 0 1 1 1 1 1 0 1 
0 1 1 1 1 1 0 1 1 1 1 1 0 1 1 1 1 1 0 1 
0 1 1 1 1 1 0 1 1 1 1 1 0 1 1 1 1 1 0 1 
0 1 1 1 1 1 1 1 1 1 1 1 1 1 1 1 1 1 0 1 
0 1 1 1 1 1 0 1 1 1 1 1 0 1 1 1 1 1 0 1 
0 1 1 1 1 1 0 1 1 1 1 1 0 1 1 1 1 1 0 1 
0 0 0 0 0 0 0 0 0 0 0 0 0 0 0 1 0 0 0 0 
0 1 1 1 1 1 0 1 1 1 1 1 0 1 1 1 1 1 0 1 
0 1 1 1 1 1 0 1 1 1 1 1 0 1 1 1 1 1 0 1 
0 1 1 1 1 1 0 1 1 1 1 1 0 1 1 1 1 1 1 1 
0 1 1 1 1 1 0 1 1 1 1 1 0 1 1 1 1 1 0 1 

8 1 3 3 2 4 0 4 
5 3 1 4 0 2 0 2 
6 6 5 0 6 5 2 7 
3 8 1 8 3 9 9 7 
3 4 7 7 9 4 7 5 
8 4 7 6 7 5 2 4 
5 4 2 2 9 6 2 2 
3 0 1 5 8 0 6 4 
8 6 8 6 1 1 6 2 
6 1 9 4 9 0 3 4 
7 8 0 2 4 2 0 2 
6 8 1 3 1 2 7 0 
3 2 7 8 3 2 9 6 
6 9 4 4 9 3 5 9 
4 4 2 6 0 4 6 8 
0 4 5 6 4 3 6 7 
9 6 7 3 0 0 0 7 
8 9 7 6 7 5 7 7 
4 6 8 0 3 2 0 9 
5 8 5 0 1 2 6 1 
