20
8
3

1 0 0 1 1 1 1 1 1 1 0 0 0 1 1 0 1 0 1 1 
1 1 0 1 1 1 1 1 1 1 0 0 0 1 1 0 1 0 1 1 
1 0 1 1 1 1 1 1 1 1 0 0 0 1 1 0 1 0 1 1 
1 0 0 1 1 1 1 1 1 1 0 0 0 1 1 0 1 0 1 1 
1 0 0 1 1 1 1 1 1 1 0 0 0 1 1 0 1 0 1 1 
1 0 0 1 1 1 1 1 1 1 0 0 0 1 1 0 1 0 1 1 
1 0 0 1 1 1 1 1 1 1 0 0 0 1 1 0 1 0 1 1 
1 0 0 1 1 1 1 1 1 1 0 0 0 1 1 0 1 0 1 1 
1 0 0 1 1 1 1 1 1 1 0 0 0 1 1 0 1 0 1 1 
1 0 0 1 1 1 1 1 1 1 0 0 0 1 1 0 1 0 1 1 
1 0 0 1 1 1 1 1 1 1 1 0 0 1 1 0 1 0 1 1 
1 0 0 1 1 1 1 1 1 1 0 1 0 1 1 0 1 0 1 1 
0 0 0 0 0 0 0 0 0 0 0 0 1 0 0 0 0 0 0 0 
1 0 0 1 1 1 1 1 1 1 0 0 0 1 1 0 1 0 1 1 
1 0 0 1 1 1 1 1 1 1 0 0 0 1 1 0 1 0 1 1 
1 1 0 1 1 1 1 1 1 1 1 0 0 1 1 1 1 1 1 1 
1 0 0 1 1 1 1 1 1 1 0 0 0 1 1 0 1 0 1 1 
1 1 0 1 1 1 1 1 1 1 0 0 0 1 1 0 1 1 1 1 
1 0 0 1 1 1 1 1 1 1 0 0 0 1 1 0 1 0 1 1 
1 0 0 1 1 1 1 1 1 1 0 0 0 1 1 0 1 0 1 1 

1 1 3 5 8 6 5 2 
3 0 8 3 4 1 1 4 
0 5 7 8 4 1 6 9 
4 4 7 9 2 8 3 8 
6 8 2 2 1 0 2 9 
2 4 5 9 5 8 2 6 
3 3 0 0 0 0 3 4 
7 2 4 6 9 9 5 2 
1 2 1 2 5 5 7 8 
7 8 3 4 0 8 3 7 
2 8 3 3 6 1 6 0 
2 5 5 1 9 6 0 4 
9 7 9 5 1 7 8 7 
0 3 9 0 6 4 8 3 
8 9 9 6 0 1 0 4 
8 5 7 4 3 9 1 8 
7 1 0 9 9 4 3 8 
5 0 5 4 1 7 1 7 
3 0 2 0 0 9 5 9 
9 2 4 4 9 9 7 0 
