20
8
3

1 1 0 1 1 1 1 0 1 1 0 1 1 0 0 1 1 0 1 1 
1 1 0 1 1 1 1 0 1 1 0 1 1 0 0 1 1 0 1 1 
1 1 1 1 1 1 1 0 1 1 0 1 1 0 0 1 1 0 1 1 
1 1 0 1 1 1 1 0 1 1 0 1 1 0 0 1 1 0 1 1 
1 1 0 1 1 1 1 0 1 1 0 1 1 0 0 1 1 0 1 1 
1 1 0 1 1 1 1 0 1 1 0 1 1 0 0 1 1 0 1 1 
1 1 0 1 1 1 1 0 1 1 0 1 1 0 0 1 1 0 1 1 
1 1 0 1 1 1 1 1 1 1 0 1 1 0 0 1 1 0 1 1 
1 1 0 1 1 1 1 0 1 1 0 1 1 0 0 1 1 0 1 1 
1 1 0 1 1 1 1 0 1 1 0 1 1 0 0 1 1 0 1 1 
0 0 0 0 0 0 0 0 0 0 1 0 0 0 0 0 0 0 0 0 
1 1 0 1 1 1 1 0 1 1 0 1 1 0 0 1 1 0 1 1 
1 1 0 1 1 1 1 0 1 1 0 1 1 0 0 1 1 0 1 1 
0 0 0 0 0 0 0 0 0 0 0 0 0 1 0 1 0 0 0 0 
1 1 0 1 1 1 1 0 1 1 0 1 1 0 1 1 1 0 1 1 
0 0 0 0 0 0 0 0 0 0 0 0 0 0 0 1 0 0 0 0 
1 1 0 1 1 1 1 0 1 1 0 1 1 0 0 1 1 0 1 1 
0 0 0 0 0 0 0 0 0 0 0 0 0 0 0 0 0 1 0 0 
1 1 0 1 1 1 1 0 1 1 0 1 1 0 0 1 1 0 1 1 
1 1 0 1 1 1 1 0 1 1 0 1 1 0 0 1 1 0 1 1 

5 2 7 2 7 8 0 7 
9 9 2 9 9 6 5 8 
8 0 2 7 1 6 9 2 
2 1 8 5 0 4 9 7 
7 6 0 5 9 4 0 2 
7 7 0 3 9 5 1 6 
9 2 2 1 8 4 9 7 
0 4 3 3 0 7 2 5 
1 7 0 0 1 7 2 2 
6 4 7 0 2 3 2 3 
3 5 5 0 3 2 5 3 
3 6 1 6 2 1 4 7 
9 0 5 2 2 1 2 1 
9 5 8 0 6 6 5 6 
0 2 6 1 4 7 6 9 
5 1 5 3 7 3 5 1 
4 9 2 5 6 8 4 4 
0 4 8 6 4 8 0 2 
8 6 2 5 1 2 3 3 
2 6 1 8 7 6 6 9 
