20
8
3

1 1 1 0 1 1 0 0 0 1 0 0 1 0 0 1 0 0 0 1 
0 1 0 0 0 0 0 0 0 0 0 0 0 0 0 0 0 0 0 0 
0 1 1 0 1 1 0 0 0 1 0 0 1 0 0 1 0 0 0 1 
0 1 0 1 0 0 0 0 0 0 0 0 0 0 0 0 0 0 0 0 
0 1 0 0 1 1 0 0 0 1 0 0 1 0 0 0 0 0 0 1 
0 1 0 0 1 1 0 0 0 1 0 0 1 0 0 0 0 0 0 1 
0 0 0 0 0 0 1 0 0 0 0 1 0 0 0 0 0 0 0 0 
0 0 0 0 0 0 1 1 0 0 0 1 0 0 0 0 0 0 0 0 
0 1 1 0 1 1 0 0 1 1 0 0 1 1 0 1 0 0 1 1 
0 1 0 0 1 1 0 0 0 1 0 0 1 0 0 0 0 0 0 1 
0 0 0 0 0 0 0 0 0 0 1 0 0 0 1 0 0 0 0 0 
0 0 0 0 0 0 0 0 0 0 0 1 0 0 0 0 0 0 0 0 
0 1 0 0 1 1 0 0 0 1 0 0 1 0 0 0 0 0 0 1 
0 0 0 0 0 0 0 0 0 0 0 0 0 1 0 0 0 0 0 0 
0 0 0 0 0 0 0 0 0 0 0 0 0 0 1 0 0 0 0 0 
0 1 1 0 1 1 0 0 0 1 0 0 1 0 0 1 0 0 0 1 
0 1 1 1 1 1 0 0 1 1 0 0 1 1 0 1 1 0 1 1 
0 1 0 0 0 0 0 0 0 0 0 0 0 0 0 0 0 1 0 0 
0 1 1 0 1 1 0 0 0 1 0 0 1 1 0 1 0 0 1 1 
0 0 0 0 0 0 0 0 0 0 0 0 0 0 0 0 0 0 0 1 

6 2 2 5 1 5 9 7 
7 0 6 9 4 9 4 9 
8 2 3 0 1 6 6 9 
8 4 2 8 5 7 2 8 
6 9 6 6 4 6 6 6 
7 6 1 1 2 0 1 6 
4 6 1 9 6 5 3 7 
1 7 2 0 7 9 0 5 
9 8 4 4 0 3 0 3 
2 2 9 2 5 2 6 4 
6 0 3 0 5 7 6 2 
7 2 9 2 5 9 8 6 
5 9 1 9 5 1 4 9 
1 7 0 0 5 6 8 5 
1 0 5 7 1 1 0 3 
6 6 5 4 6 7 9 9 
3 5 6 2 0 2 2 3 
8 3 7 4 8 6 7 9 
0 7 5 3 0 5 6 9 
5 5 6 4 5 5 3 9 
