20
8
3

1 0 1 1 0 1 1 1 0 1 1 1 1 1 1 0 1 1 1 1 
0 1 1 1 0 1 1 1 0 1 1 1 1 1 1 0 1 1 1 1 
0 0 1 1 0 1 1 1 0 1 1 1 1 1 1 0 1 1 1 1 
0 0 1 1 0 1 1 1 0 1 1 1 1 1 1 0 1 1 1 1 
1 0 1 1 1 1 1 1 1 1 1 1 1 1 1 0 1 1 1 1 
0 0 1 1 0 1 1 1 0 1 1 1 1 1 1 0 1 1 1 1 
0 0 1 1 0 1 1 1 0 1 1 1 1 1 1 0 1 1 1 1 
0 0 0 0 0 0 0 1 0 0 0 0 0 0 0 0 0 0 0 0 
1 0 1 1 0 1 1 1 1 1 1 1 1 1 1 0 1 1 1 1 
0 0 0 0 0 0 0 0 0 1 0 0 0 0 0 0 0 0 0 0 
0 0 0 0 0 0 0 0 0 0 1 0 0 0 0 0 0 0 0 0 
0 0 1 1 0 1 1 1 0 1 1 1 1 1 1 0 1 1 1 1 
0 0 1 1 0 1 1 1 0 1 1 1 1 1 1 0 1 1 1 1 
0 0 1 1 0 1 1 1 0 1 1 1 1 1 1 0 1 1 1 1 
0 0 1 1 0 1 1 1 0 1 1 1 1 1 1 0 1 1 1 1 
0 0 1 1 0 1 1 1 0 1 1 1 1 1 1 1 1 1 1 1 
0 0 1 1 0 1 1 1 0 1 1 1 1 1 1 0 1 1 1 1 
0 0 1 1 0 1 1 1 0 1 1 1 1 1 1 0 1 1 1 1 
0 0 1 1 0 1 1 1 0 1 1 1 1 1 1 0 1 1 1 1 
0 0 1 1 0 1 1 1 0 1 1 1 1 1 1 0 1 1 1 1 

6 7 3 9 0 1 0 6 
2 5 6 5 0 2 8 3 
3 6 6 6 7 4 5 0 
6 4 0 5 4 0 3 6 
3 9 1 0 9 9 2 2 
2 5 6 9 5 8 1 7 
3 5 5 4 4 2 4 1 
9 5 6 4 4 3 3 1 
5 9 8 8 0 8 1 6 
3 4 7 6 3 0 1 2 
4 3 9 5 0 7 8 9 
4 8 5 9 4 9 0 1 
0 3 6 4 1 4 5 2 
5 6 6 9 9 6 6 3 
3 7 9 0 2 4 6 1 
2 8 5 7 5 8 2 3 
4 0 3 1 7 1 8 8 
2 7 7 2 0 7 8 9 
3 1 4 9 9 9 4 7 
8 9 0 5 5 1 6 4 
