20
8
3

1 1 0 1 1 1 0 1 1 0 1 1 1 0 1 1 1 1 1 1 
1 1 0 1 1 1 0 1 1 0 1 1 1 0 1 1 1 1 1 1 
0 0 1 0 0 0 0 0 0 0 0 0 0 0 0 0 0 0 0 0 
0 0 0 1 0 0 0 0 0 0 0 0 0 0 0 0 0 0 0 0 
1 1 0 1 1 1 0 1 1 0 1 1 1 0 1 1 1 1 1 1 
1 1 0 1 1 1 0 1 1 0 1 1 1 0 1 1 1 1 1 1 
1 1 0 1 1 1 1 1 1 0 1 1 1 0 1 1 1 1 1 1 
1 1 0 1 1 1 0 1 1 0 1 1 1 0 1 1 1 1 1 1 
0 0 0 0 0 0 0 0 1 0 0 0 0 0 0 0 0 0 0 0 
1 1 0 1 1 1 1 1 1 1 1 1 1 0 1 1 1 1 1 1 
0 0 0 1 0 0 0 0 0 0 1 0 0 0 0 0 0 0 0 0 
1 1 0 1 1 1 0 1 1 0 1 1 1 0 1 1 1 1 1 1 
0 0 0 0 0 0 0 0 0 0 0 0 1 0 0 0 0 0 0 0 
1 1 0 1 1 1 0 1 1 0 1 1 1 1 1 1 1 1 1 1 
1 1 0 1 1 1 0 1 1 0 1 1 1 0 1 1 1 1 1 1 
0 0 0 0 0 0 0 0 0 0 0 0 0 0 0 1 0 0 0 0 
1 1 0 1 1 1 0 1 1 0 1 1 1 0 1 1 1 1 1 1 
1 1 0 1 1 1 0 1 1 0 1 1 1 0 1 1 1 1 1 1 
1 1 0 1 1 1 0 1 1 0 1 1 1 0 1 1 1 1 1 1 
1 1 0 1 1 1 0 1 1 0 1 1 1 0 1 1 1 1 1 1 

4 8 7 6 4 3 1 7 
9 1 7 9 6 8 6 8 
7 4 4 8 1 9 3 0 
5 2 0 2 0 4 8 6 
0 8 4 3 9 4 1 7 
4 3 9 1 6 9 9 1 
8 2 7 9 6 9 4 0 
5 6 6 7 5 1 2 4 
7 0 1 3 9 1 6 8 
5 0 6 7 7 8 1 8 
3 8 7 1 5 7 3 2 
4 2 8 2 1 3 9 4 
9 7 2 6 6 8 2 6 
8 1 9 3 2 4 0 1 
0 3 0 6 5 8 7 3 
2 5 4 4 3 5 2 8 
7 5 5 5 5 3 6 0 
7 8 1 5 3 0 1 8 
5 2 7 2 6 0 1 5 
5 5 5 0 6 3 0 3 
