20
8
3

1 0 0 0 0 0 1 1 1 1 0 0 0 1 0 1 0 0 0 0 
0 1 0 1 0 1 1 0 1 1 1 1 1 1 0 0 0 0 0 1 
0 0 1 0 0 0 1 0 1 1 0 0 0 1 0 0 0 0 0 0 
0 1 0 1 0 1 1 0 1 1 1 1 1 1 0 0 0 0 0 1 
0 1 0 1 1 1 1 1 1 1 1 1 1 1 0 1 0 0 0 1 
0 1 0 1 0 1 1 0 1 1 1 1 1 1 0 0 0 0 0 1 
0 0 0 0 0 0 1 0 1 0 0 0 0 0 0 0 0 0 0 0 
0 0 0 0 0 0 1 1 1 1 0 0 0 1 0 0 0 0 0 0 
0 0 0 0 0 0 0 0 1 0 0 0 0 0 0 0 0 0 0 0 
0 0 0 0 0 0 1 0 1 1 0 0 0 1 0 0 0 0 0 0 
0 0 0 0 0 0 0 0 0 0 1 0 0 0 0 0 0 0 0 0 
0 1 0 1 0 1 1 0 1 1 1 1 1 1 0 0 0 0 0 1 
0 1 0 1 0 1 1 0 1 1 1 1 1 1 0 0 0 0 0 1 
0 0 0 0 0 0 1 0 1 0 0 0 0 1 0 0 0 0 0 0 
0 1 1 1 0 1 1 0 1 1 1 1 1 1 1 0 0 0 0 1 
0 0 0 0 0 0 1 1 1 1 0 0 0 1 0 1 0 0 0 0 
0 0 0 0 0 0 0 0 0 0 0 0 0 0 0 0 1 0 0 0 
1 0 0 0 0 0 1 1 1 1 0 0 0 1 0 1 0 1 0 0 
0 1 0 1 0 1 1 0 1 1 1 1 1 1 0 0 0 0 1 1 
0 1 0 1 0 1 1 0 1 1 1 1 1 1 0 0 0 0 0 1 

9 1 4 1 6 8 4 2 
0 8 5 7 8 7 7 8 
2 6 5 4 2 9 9 0 
1 0 8 6 8 4 3 5 
2 2 5 8 7 0 2 6 
8 6 9 4 7 5 9 3 
8 5 9 1 9 6 2 8 
5 0 1 3 8 8 4 2 
3 3 8 6 4 8 7 0 
4 1 7 7 0 6 7 5 
0 7 9 1 0 1 0 0 
3 6 7 4 2 0 4 6 
4 4 7 8 1 8 0 3 
8 3 0 3 7 9 4 1 
2 3 5 2 8 9 3 9 
0 4 8 6 0 5 3 7 
8 6 5 8 0 9 6 6 
1 5 4 4 8 3 5 6 
8 1 1 8 4 0 2 0 
1 5 9 5 9 8 4 8 
