20
8
3

1 0 0 0 0 0 0 0 0 0 0 0 0 0 0 0 0 0 0 0 
1 1 1 1 1 1 1 1 1 1 1 0 1 1 1 1 1 1 1 1 
0 0 1 0 0 0 0 0 1 1 0 0 0 0 0 0 0 0 0 0 
0 0 0 1 0 0 0 0 0 0 0 0 0 0 0 0 0 0 0 0 
1 1 1 1 1 1 1 1 1 1 1 0 1 1 1 1 1 1 1 1 
1 1 1 1 1 1 1 1 1 1 1 0 1 1 1 1 1 1 1 1 
1 1 1 1 1 1 1 1 1 1 1 0 1 1 1 1 1 1 1 1 
1 1 1 1 1 1 1 1 1 1 1 0 1 1 1 1 1 1 1 1 
0 0 0 0 0 0 0 0 1 0 0 0 0 0 0 0 0 0 0 0 
0 0 0 0 0 0 0 0 1 1 0 0 0 0 0 0 0 0 0 0 
1 1 1 1 1 1 1 1 1 1 1 0 1 1 1 1 1 1 1 1 
0 0 0 0 0 0 0 0 0 0 0 1 0 1 0 0 0 0 0 1 
1 1 1 1 1 1 1 1 1 1 1 0 1 1 1 1 1 1 1 1 
0 0 0 0 0 0 0 0 0 0 0 0 0 1 0 0 0 0 0 1 
1 1 1 1 1 1 1 1 1 1 1 0 1 1 1 1 1 1 1 1 
1 1 1 1 1 1 1 1 1 1 1 0 1 1 1 1 1 1 1 1 
0 0 0 0 0 0 0 0 0 0 0 0 0 0 0 0 1 1 0 0 
0 0 0 0 0 0 0 0 0 0 0 0 0 0 0 0 0 1 0 0 
1 1 1 1 1 1 1 1 1 1 1 0 1 1 1 1 1 1 1 1 
0 0 0 0 0 0 0 0 0 0 0 0 0 0 0 0 0 0 0 1 

4 2 7 3 6 3 5 1 
4 4 4 2 4 0 4 8 
8 5 3 2 0 9 8 3 
0 3 4 2 2 9 9 5 
3 3 4 4 2 9 4 7 
5 0 0 0 8 7 5 6 
8 2 7 5 2 7 1 2 
7 4 9 1 2 0 9 6 
2 3 3 9 7 3 1 5 
0 5 1 7 2 7 5 0 
4 3 9 5 8 8 9 6 
0 9 9 7 2 3 7 3 
7 6 7 4 6 6 3 2 
4 2 9 6 9 3 3 0 
5 5 2 8 2 0 4 9 
6 9 5 4 3 7 6 1 
1 7 4 2 4 2 7 1 
7 4 9 3 5 2 2 2 
0 3 6 6 9 8 1 2 
2 6 4 4 0 9 0 1 
