20
8
3

1 1 0 0 1 0 0 1 1 0 0 0 0 0 0 0 0 1 0 0 
1 1 0 0 1 0 0 1 1 0 0 0 0 0 0 0 0 1 0 0 
0 0 1 0 0 0 0 0 0 0 0 0 0 0 0 0 1 0 0 1 
1 1 0 1 1 0 0 1 1 0 0 0 0 0 0 0 0 1 0 0 
0 0 0 0 1 0 0 0 0 0 0 0 0 0 0 0 0 0 0 0 
0 0 0 0 0 1 0 0 0 0 0 0 0 0 0 0 0 0 0 0 
0 0 0 0 0 0 1 0 0 0 0 0 0 0 0 0 0 0 0 0 
1 1 0 0 1 0 0 1 1 0 0 0 0 0 0 0 0 1 0 0 
1 1 0 0 1 0 0 1 1 0 0 0 0 0 0 0 0 1 0 0 
1 1 0 0 1 0 0 1 1 1 0 0 0 0 1 1 0 1 0 0 
1 1 0 0 1 0 0 1 1 0 1 0 0 0 0 0 1 1 0 0 
1 1 0 0 1 0 0 1 1 0 0 1 0 0 0 1 0 1 0 0 
1 1 0 1 1 0 0 1 1 1 0 0 1 0 1 1 0 1 0 0 
1 1 0 0 1 0 0 1 1 0 0 1 0 1 0 1 0 1 0 0 
1 1 0 0 1 0 0 1 1 0 0 0 0 0 1 1 0 1 0 0 
1 1 0 0 1 0 0 1 1 0 0 0 0 0 0 1 0 1 0 0 
0 0 0 0 0 0 0 0 0 0 0 0 0 0 0 0 1 0 0 0 
1 1 0 0 1 0 0 1 1 0 0 0 0 0 0 0 0 1 0 0 
1 1 0 0 1 0 0 1 1 0 0 0 0 0 1 1 0 1 1 0 
0 0 0 0 0 0 0 0 0 0 0 0 0 0 0 0 0 0 0 1 

5 1 4 7 8 7 5 1 
7 2 7 3 8 1 3 8 
9 5 8 7 8 3 7 9 
9 3 9 7 6 9 2 5 
5 3 2 7 8 6 2 0 
2 9 2 6 1 6 7 1 
3 4 8 4 6 3 8 1 
0 1 0 4 0 4 3 2 
1 5 0 6 9 1 1 7 
1 0 1 2 4 1 9 6 
2 5 4 2 4 6 6 8 
1 2 5 4 7 2 6 0 
1 1 7 8 3 2 2 0 
2 7 9 1 8 3 4 2 
7 2 1 5 6 2 3 3 
7 4 5 4 9 9 0 6 
9 7 7 3 5 6 0 8 
1 9 4 3 4 0 2 1 
9 3 8 4 5 0 9 4 
7 7 8 9 1 8 5 6 
