20
8
3

1 0 0 0 0 0 0 0 0 0 0 0 0 0 0 0 0 0 0 0 
1 1 1 0 1 1 1 0 1 1 1 1 0 1 0 0 0 1 1 0 
1 0 1 0 0 1 0 0 0 1 0 1 0 1 0 0 0 0 1 0 
1 0 0 1 0 0 0 0 1 1 0 0 0 0 0 0 1 0 0 0 
0 0 0 0 1 0 0 0 1 0 0 0 0 0 0 0 0 0 0 0 
0 0 0 0 0 1 0 0 0 0 0 0 0 1 0 0 0 0 1 0 
1 0 1 0 1 1 1 0 1 1 1 1 0 1 0 0 0 1 1 0 
0 0 0 0 1 0 0 1 1 0 0 0 0 0 0 0 0 0 0 0 
0 0 0 0 0 0 0 0 1 0 0 0 0 0 0 0 0 0 0 0 
0 0 0 0 0 0 0 0 0 1 0 0 0 0 0 0 0 0 0 0 
1 0 1 0 1 1 1 0 1 1 1 1 0 1 0 0 0 1 1 0 
0 0 0 0 0 0 0 0 0 0 0 1 0 0 0 0 0 0 0 0 
0 0 0 0 0 0 0 0 0 1 0 0 1 0 0 0 0 0 0 0 
0 0 0 0 0 0 0 0 0 0 0 0 0 1 0 0 0 0 1 0 
0 0 0 0 0 0 0 0 0 0 0 0 0 0 1 0 0 0 0 0 
1 0 0 1 0 1 0 0 1 1 0 0 0 1 0 1 1 0 1 0 
0 0 0 0 0 0 0 0 0 0 0 0 0 0 0 0 1 0 0 0 
0 0 0 0 0 0 0 0 1 0 0 0 0 0 0 0 0 1 0 0 
0 0 0 0 0 0 0 0 0 0 0 0 0 0 0 0 0 0 1 0 
0 0 0 0 0 0 0 0 0 1 0 0 0 0 0 0 0 0 1 1 

0 4 7 1 8 3 5 7 
3 2 6 8 2 3 0 9 
7 1 8 7 1 9 5 5 
3 9 8 0 7 7 0 6 
3 0 5 7 1 6 3 6 
0 1 1 2 7 2 4 1 
8 1 9 5 8 8 0 3 
9 0 7 4 0 9 3 7 
4 1 8 6 3 4 1 7 
5 7 0 5 8 3 5 3 
8 8 6 2 6 1 8 7 
0 8 2 3 6 1 8 1 
5 0 9 1 8 4 5 8 
4 0 0 9 8 9 6 7 
7 4 5 0 3 0 3 5 
0 1 2 0 2 1 2 2 
7 0 4 2 4 5 2 6 
0 3 0 6 6 3 8 6 
0 5 5 6 9 9 4 0 
8 2 2 5 8 6 7 5 
