20
8
3

1 0 0 1 0 0 1 0 0 0 0 0 0 0 0 0 0 0 0 0 
1 1 1 1 0 1 1 1 1 0 0 0 1 1 0 1 1 1 1 1 
1 0 1 1 0 0 1 0 0 0 0 0 0 0 0 0 1 0 0 0 
0 0 0 1 0 0 0 0 0 0 0 0 0 0 0 0 0 0 0 0 
0 0 0 1 1 1 0 0 0 0 0 0 0 1 0 0 0 1 1 1 
0 0 0 0 0 1 0 0 0 0 0 0 0 0 0 0 0 0 0 1 
0 0 0 0 0 0 1 0 0 0 0 0 0 0 0 0 0 0 0 0 
0 0 0 0 0 1 0 1 0 0 0 0 0 1 0 0 0 0 0 1 
0 0 0 0 0 0 0 0 1 0 0 0 0 0 0 0 0 0 0 0 
0 0 0 1 0 0 0 0 0 1 0 0 0 0 0 0 0 0 0 1 
0 0 0 0 0 0 0 0 0 0 1 0 0 0 1 0 0 0 0 0 
0 0 0 0 0 0 0 0 0 0 0 1 0 0 0 0 0 0 0 0 
0 0 0 0 0 0 0 0 0 0 0 0 1 1 0 0 0 1 0 0 
0 0 0 0 0 0 0 0 0 0 0 0 0 1 0 0 0 0 0 0 
0 0 0 0 0 0 0 0 0 0 0 0 0 0 1 0 0 0 0 0 
1 0 0 1 0 1 1 0 1 0 0 0 1 1 0 1 0 1 1 1 
0 0 0 0 0 0 0 0 0 0 0 0 0 0 0 0 1 0 0 0 
0 0 0 0 0 0 0 0 0 0 0 0 0 1 0 0 0 1 0 0 
0 0 0 1 0 1 0 0 0 0 0 0 0 0 0 0 0 0 1 1 
0 0 0 0 0 0 0 0 0 0 0 0 0 0 0 0 0 0 0 1 

9 7 1 3 5 6 8 2 
9 7 0 6 6 6 3 9 
4 1 4 6 1 5 4 8 
8 5 7 8 8 5 6 4 
6 0 0 7 7 9 6 2 
5 8 8 3 8 4 8 3 
5 2 1 0 7 7 0 7 
6 5 5 3 3 9 2 0 
8 3 9 5 9 2 4 8 
6 0 7 1 5 5 3 7 
7 3 0 4 8 2 6 1 
4 5 5 4 5 8 3 1 
9 9 3 6 8 8 4 1 
1 7 0 4 8 9 4 4 
1 9 4 2 1 7 4 8 
0 4 9 5 7 8 3 8 
6 1 5 5 0 8 7 2 
5 5 3 0 1 8 8 6 
4 7 7 3 7 1 2 3 
5 9 0 1 6 4 4 5 
