20
8
3

1 0 0 0 0 0 0 0 0 0 0 0 0 0 0 0 0 0 0 0 
1 1 0 0 0 1 0 0 0 1 0 0 0 0 0 0 1 0 0 0 
1 0 1 0 0 1 0 1 0 1 1 0 0 0 0 0 0 0 0 1 
1 0 0 1 0 1 0 0 0 1 0 0 0 0 0 0 1 0 0 0 
1 1 1 0 1 1 0 1 0 1 1 1 0 1 1 1 1 1 1 1 
1 0 0 0 0 1 0 0 0 1 0 0 0 0 0 0 0 0 0 0 
1 1 0 0 0 1 1 0 0 1 0 1 0 0 0 0 1 0 0 0 
0 0 0 0 0 0 0 1 0 0 0 0 0 0 0 0 0 0 0 0 
0 0 0 0 0 0 0 1 1 0 0 0 0 0 0 0 0 0 0 1 
1 0 0 0 0 0 0 0 0 1 0 0 0 0 0 0 0 0 0 0 
1 0 1 0 0 1 0 1 0 1 1 0 0 0 0 0 0 0 0 1 
1 1 0 0 0 1 0 0 0 1 0 1 0 0 0 0 1 0 0 0 
1 1 1 0 0 1 0 1 0 1 1 1 1 0 1 1 1 1 1 1 
1 1 0 0 0 1 0 0 0 1 0 1 0 1 0 1 1 0 0 0 
1 1 1 0 0 1 0 1 0 1 1 1 0 0 1 1 1 1 1 1 
1 1 0 0 0 1 0 0 0 1 0 1 0 0 0 1 1 0 0 0 
1 0 0 0 0 1 0 0 0 1 0 0 0 0 0 0 1 0 0 0 
1 1 1 0 0 1 0 1 0 1 1 1 0 0 0 1 1 1 1 1 
1 1 0 0 0 1 0 1 0 1 0 1 0 0 0 1 1 0 1 0 
0 0 0 0 0 0 0 1 0 0 0 0 0 0 0 0 0 0 0 1 

7 8 3 2 9 6 7 6 
6 0 0 4 6 7 1 4 
7 6 8 2 4 9 7 0 
9 0 5 5 6 4 7 5 
1 8 6 8 7 6 0 9 
5 9 8 8 3 3 1 6 
8 1 6 7 9 2 6 9 
2 0 6 1 2 3 2 5 
1 5 7 2 7 9 0 4 
6 9 3 1 7 3 3 7 
8 5 7 2 0 8 3 6 
8 2 7 7 8 9 4 1 
7 8 4 2 9 1 9 6 
9 5 3 5 8 2 4 8 
9 7 6 6 4 0 7 5 
3 9 9 1 9 3 5 9 
6 6 4 6 9 1 8 7 
1 6 6 0 2 3 9 4 
0 5 7 4 9 3 3 3 
4 0 3 7 3 0 0 6 
