20
8
3

1 0 1 0 0 0 1 0 0 0 0 0 0 1 1 1 1 0 1 0 
1 1 1 1 0 0 1 0 0 0 0 1 0 1 1 1 1 0 1 0 
0 0 1 0 0 0 1 0 0 0 0 0 0 0 1 1 1 0 0 0 
1 0 1 1 0 0 1 0 0 0 0 0 0 1 1 1 1 0 1 0 
0 0 0 0 1 0 0 0 0 0 0 0 0 0 0 0 1 0 0 0 
0 0 0 0 0 1 0 0 0 0 0 0 0 0 0 0 0 0 0 0 
0 0 1 0 0 0 1 0 0 0 0 0 0 0 1 1 1 0 0 0 
0 0 1 0 0 0 1 1 0 0 0 0 0 1 1 1 1 0 0 1 
1 0 1 1 0 1 1 0 1 0 0 0 0 1 1 1 1 0 1 0 
0 0 0 0 0 1 0 0 0 1 0 0 0 0 0 0 0 0 0 0 
0 0 1 0 1 0 1 0 0 0 1 0 0 0 1 1 1 0 0 0 
1 0 1 1 0 0 1 0 0 0 0 1 0 1 1 1 1 0 1 0 
0 0 0 0 0 0 0 0 0 0 0 0 1 0 0 0 0 0 0 0 
0 0 1 0 0 0 1 0 0 0 0 0 0 1 1 1 1 0 0 0 
0 0 0 0 0 0 0 0 0 0 0 0 0 0 1 0 0 0 0 0 
0 0 1 0 0 0 1 0 0 0 0 0 0 0 1 1 1 0 0 0 
0 0 0 0 0 0 0 0 0 0 0 0 0 0 0 0 1 0 0 0 
1 1 1 1 0 0 1 1 0 0 0 1 0 1 1 1 1 1 1 1 
0 0 0 0 0 0 0 0 0 0 0 0 0 0 0 0 0 0 1 0 
0 0 1 0 0 0 1 1 0 0 0 0 0 1 1 1 1 0 0 1 

6 7 6 1 8 5 9 4 
1 4 4 2 2 5 5 4 
7 0 5 7 3 5 1 5 
9 2 5 3 3 9 9 4 
2 2 4 2 1 6 4 9 
9 5 8 0 2 2 6 3 
6 1 4 5 5 7 6 1 
2 7 3 0 8 9 1 5 
6 1 8 9 9 1 1 1 
1 1 9 8 6 0 1 1 
1 9 6 4 1 0 4 8 
2 1 4 6 5 2 2 9 
9 4 9 0 9 1 3 5 
2 1 2 3 3 8 5 5 
6 1 1 8 5 5 9 3 
1 7 4 8 4 3 6 4 
5 0 5 1 1 7 2 1 
2 3 5 4 3 8 7 9 
8 0 6 7 8 8 0 5 
9 8 9 6 9 5 3 4 
