20
8
3

1 1 1 0 0 1 1 1 1 0 1 1 1 0 1 1 1 1 1 0 
1 1 1 0 0 1 1 1 1 0 1 1 1 0 1 1 1 1 1 0 
1 1 1 0 0 1 1 1 1 0 1 1 1 0 1 1 1 1 1 0 
0 0 0 1 0 0 0 0 0 0 0 0 0 0 0 0 0 0 0 0 
0 0 0 0 1 0 0 0 0 0 0 0 0 0 0 0 0 0 0 0 
1 1 1 0 0 1 1 1 1 0 1 1 1 0 1 1 1 1 1 0 
1 1 1 0 0 1 1 1 1 0 1 1 1 0 1 1 1 1 1 0 
1 1 1 0 0 1 1 1 1 0 1 1 1 0 1 1 1 1 1 0 
1 1 1 0 0 1 1 1 1 0 1 1 1 0 1 1 1 1 1 0 
1 1 1 0 0 1 1 1 1 1 1 1 1 0 1 1 1 1 1 0 
1 1 1 0 0 1 1 1 1 0 1 1 1 0 1 1 1 1 1 0 
1 1 1 0 0 1 1 1 1 0 1 1 1 0 1 1 1 1 1 0 
0 0 0 0 0 0 0 0 0 0 0 0 1 0 0 0 0 0 0 0 
1 1 1 0 0 1 1 1 1 0 1 1 1 1 1 1 1 1 1 0 
0 0 0 0 0 0 0 0 0 0 0 0 0 0 1 0 0 1 0 0 
1 1 1 0 0 1 1 1 1 0 1 1 1 0 1 1 1 1 1 0 
0 0 0 0 0 0 0 0 0 0 0 0 0 0 0 0 1 0 0 0 
0 0 0 0 0 0 0 0 0 0 0 0 0 0 0 0 0 1 0 0 
0 0 0 0 0 0 0 0 0 0 0 0 0 0 0 0 0 1 1 0 
1 1 1 0 0 1 1 1 1 0 1 1 1 0 1 1 1 1 1 1 

4 0 4 8 8 1 3 4 
5 7 5 2 8 8 1 3 
8 6 7 4 7 3 7 8 
3 0 5 4 7 0 4 7 
7 0 2 9 3 1 3 9 
8 8 0 2 0 7 2 7 
8 6 7 3 0 0 0 8 
6 5 2 0 0 0 6 3 
0 3 3 3 5 1 6 9 
6 9 1 7 8 2 1 2 
8 1 7 4 2 9 7 6 
0 5 6 2 9 6 0 9 
7 0 5 3 6 9 6 8 
4 7 5 5 7 0 4 9 
5 8 7 7 4 1 2 4 
7 3 7 3 1 7 1 2 
4 2 6 3 2 8 5 9 
5 4 8 3 4 4 4 5 
2 6 6 6 4 8 3 3 
8 4 6 3 6 2 1 2 
