20
8
3

1 0 1 0 1 0 0 1 1 1 1 1 1 1 0 1 1 1 1 1 
1 1 1 0 1 0 0 1 1 1 1 1 1 1 0 1 1 1 1 1 
0 0 1 0 0 0 0 0 1 0 0 0 0 0 0 0 0 0 0 1 
1 0 1 1 1 0 0 1 1 1 1 1 1 1 0 1 1 1 1 1 
0 0 0 0 1 0 0 0 0 0 0 0 0 0 0 0 0 0 0 0 
1 0 1 0 1 1 0 1 1 1 1 1 1 1 0 1 1 1 1 1 
1 0 1 0 1 0 1 1 1 1 1 1 1 1 0 1 1 1 1 1 
1 0 1 0 1 0 0 1 1 1 1 1 1 1 0 1 1 1 1 1 
0 0 0 0 0 0 0 0 1 0 0 0 0 0 0 0 0 0 0 0 
1 0 1 0 1 0 0 1 1 1 1 1 1 1 0 1 1 1 1 1 
1 0 1 0 1 0 0 1 1 1 1 1 1 1 0 1 1 1 1 1 
1 0 1 0 1 0 0 1 1 1 1 1 1 1 0 1 1 1 1 1 
1 0 1 0 1 0 0 1 1 1 1 1 1 1 0 1 1 1 1 1 
1 0 1 0 1 0 0 1 1 1 1 1 1 1 0 1 1 1 1 1 
1 0 1 0 1 0 0 1 1 1 1 1 1 1 1 1 1 1 1 1 
1 0 1 0 1 0 0 1 1 1 1 1 1 1 0 1 1 1 1 1 
1 0 1 0 1 0 0 1 1 1 1 1 1 1 0 1 1 1 1 1 
1 0 1 0 1 0 0 1 1 1 1 1 1 1 0 1 1 1 1 1 
1 0 1 0 1 0 0 1 1 1 1 1 1 1 0 1 1 1 1 1 
0 0 0 0 0 0 0 0 1 0 0 0 0 0 0 0 0 0 0 1 

6 5 8 7 6 8 7 5 
3 8 1 5 5 3 1 8 
3 1 0 5 6 6 2 8 
7 5 7 4 8 6 1 1 
4 6 8 8 8 5 9 4 
2 9 9 7 1 4 1 8 
3 2 5 9 4 4 8 7 
1 3 1 0 0 7 4 8 
0 0 5 9 9 4 6 2 
7 2 2 4 2 3 2 8 
7 7 1 5 7 7 3 7 
1 6 4 4 1 9 1 0 
3 3 9 2 8 9 7 6 
4 1 0 9 7 9 9 0 
0 6 5 5 1 1 0 9 
6 6 0 2 0 6 4 7 
5 2 0 8 0 2 0 7 
1 5 3 0 8 1 3 2 
9 0 3 5 5 7 6 0 
1 0 5 3 0 3 1 8 
