20
8
3

1 1 1 0 1 1 1 1 1 1 1 1 0 1 0 0 1 1 1 1 
0 1 1 0 1 0 0 1 1 0 0 0 0 0 0 0 0 0 0 1 
0 0 1 0 0 0 0 0 0 0 0 0 0 0 0 0 0 0 0 0 
0 0 0 1 1 0 1 1 1 0 0 0 0 0 0 0 0 0 0 0 
0 0 0 0 1 0 0 0 0 0 0 0 0 0 0 0 0 0 0 0 
0 0 0 0 1 1 0 1 1 0 0 0 0 0 0 0 0 0 0 0 
0 0 0 0 0 0 1 0 0 0 0 0 0 0 0 0 0 0 0 0 
0 0 0 0 1 0 0 1 0 0 0 0 0 0 0 0 0 0 0 0 
0 0 0 0 1 0 0 1 1 0 0 0 0 0 0 0 0 0 0 0 
0 0 0 0 0 0 1 0 0 1 0 0 0 0 0 0 0 0 0 0 
0 1 1 0 1 0 0 1 1 0 1 1 0 1 0 0 0 0 0 1 
0 1 1 0 1 0 0 1 1 0 1 1 0 1 0 0 0 0 0 1 
0 1 1 0 1 0 0 1 1 0 1 1 1 1 0 0 0 1 0 1 
0 1 1 0 1 0 0 1 1 0 0 0 0 1 0 0 0 0 0 1 
0 1 1 0 1 1 0 1 1 0 1 1 0 1 1 0 1 0 0 1 
1 1 1 0 1 1 1 1 1 1 1 1 0 1 0 1 1 1 1 1 
0 1 1 0 1 1 0 1 1 0 1 1 0 1 0 0 1 0 0 1 
0 0 0 0 0 0 0 0 0 0 0 0 0 0 0 0 0 1 0 0 
0 1 1 0 1 1 1 1 1 1 1 1 0 1 0 0 1 1 1 1 
0 0 0 0 0 0 0 0 0 0 0 0 0 0 0 0 0 0 0 1 

8 2 6 9 3 9 3 5 
3 0 5 0 5 4 1 6 
7 2 0 6 5 7 5 7 
0 1 2 8 2 0 5 2 
1 0 5 4 2 8 2 2 
9 4 5 0 9 5 0 9 
6 1 5 6 1 3 6 1 
7 0 9 7 0 6 6 0 
1 4 8 3 4 2 9 8 
1 3 4 6 1 5 1 8 
7 7 1 5 0 4 2 4 
5 4 8 8 9 9 5 9 
0 3 6 5 7 3 7 3 
6 4 0 0 7 1 7 9 
9 0 6 1 7 7 8 7 
9 3 7 2 1 4 9 1 
8 5 3 3 5 7 2 3 
9 9 4 9 8 1 8 0 
8 8 5 7 2 7 3 9 
1 3 1 3 7 5 4 3 
