20
8
3

1 1 1 1 1 1 1 1 1 0 1 1 1 1 0 1 1 1 1 1 
1 1 1 1 1 1 1 1 1 0 1 1 1 1 0 1 1 1 1 1 
1 1 1 1 1 1 1 1 1 0 1 1 1 1 0 1 1 1 1 1 
1 1 1 1 1 1 1 1 1 0 1 1 1 1 0 1 1 1 1 1 
1 1 1 1 1 1 1 1 1 0 1 1 1 1 0 1 1 1 1 1 
1 1 1 1 1 1 1 1 1 0 1 1 1 1 0 1 1 1 1 1 
1 1 1 1 1 1 1 1 1 0 1 1 1 1 0 1 1 1 1 1 
1 1 1 1 1 1 1 1 1 0 1 1 1 1 0 1 1 1 1 1 
1 1 1 1 1 1 1 1 1 0 1 1 1 1 0 1 1 1 1 1 
0 0 0 0 0 0 0 0 0 1 0 0 0 0 0 0 0 0 0 0 
1 1 1 1 1 1 1 1 1 0 1 1 1 1 0 1 1 1 1 1 
0 0 0 0 0 0 0 0 0 0 0 1 0 0 0 0 0 0 0 0 
1 1 1 1 1 1 1 1 1 0 1 1 1 1 0 1 1 1 1 1 
1 1 1 1 1 1 1 1 1 0 1 1 1 1 0 1 1 1 1 1 
1 1 1 1 1 1 1 1 1 0 1 1 1 1 1 1 1 1 1 1 
1 1 1 1 1 1 1 1 1 0 1 1 1 1 0 1 1 1 1 1 
1 1 1 1 1 1 1 1 1 0 1 1 1 1 0 1 1 1 1 1 
1 1 1 1 1 1 1 1 1 0 1 1 1 1 0 1 1 1 1 1 
1 1 1 1 1 1 1 1 1 0 1 1 1 1 0 1 1 1 1 1 
1 1 1 1 1 1 1 1 1 0 1 1 1 1 0 1 1 1 1 1 

5 2 9 9 8 0 9 4 
4 4 7 7 7 9 1 0 
8 9 8 4 6 5 4 0 
8 0 7 9 2 5 6 8 
3 7 5 3 0 8 2 7 
4 7 0 6 2 2 1 0 
5 8 3 8 3 2 7 4 
1 6 0 1 8 9 4 0 
7 4 9 8 1 9 7 4 
9 1 3 4 7 4 7 5 
6 2 8 7 7 0 5 2 
5 9 3 5 4 7 0 0 
0 9 5 3 3 2 0 8 
9 8 0 0 6 3 0 4 
1 6 8 2 1 4 0 3 
2 2 6 3 4 9 5 4 
2 6 6 7 0 3 4 8 
0 2 4 5 3 8 1 9 
0 9 8 2 8 5 9 9 
3 0 9 9 5 5 6 5 
