20
7
3

1 0 1 0 0 0 1 1 1 0 0 1 0 1 0 0 0 1 0 1 
0 1 0 0 1 0 0 0 0 0 1 0 0 0 0 0 0 0 0 0 
1 0 1 0 0 0 1 1 1 0 0 1 0 1 0 0 0 1 0 1 
1 0 1 1 0 0 1 1 1 1 1 1 0 1 0 0 1 1 0 1 
0 0 0 0 1 0 0 0 0 0 0 0 0 0 0 0 0 0 0 0 
1 0 1 0 1 1 1 1 1 0 0 1 1 1 0 1 0 1 0 1 
0 0 0 0 0 0 1 0 0 0 0 0 0 0 0 0 0 0 0 1 
1 0 1 0 0 0 1 1 1 0 0 1 0 1 0 0 0 1 0 1 
1 0 1 0 0 0 1 1 1 0 0 1 0 1 0 0 0 1 0 1 
1 0 1 0 0 0 1 1 1 1 1 1 0 1 0 0 1 1 0 1 
0 0 0 0 0 0 0 0 0 0 1 0 0 0 0 0 0 0 0 0 
1 0 1 0 0 0 1 1 1 0 0 1 0 1 0 0 0 1 0 1 
0 0 0 0 0 0 1 0 0 0 0 0 1 0 0 0 0 0 0 1 
1 0 1 0 0 0 1 1 1 0 0 1 0 1 0 0 0 1 0 1 
1 0 1 0 0 0 1 1 1 0 0 1 1 1 1 0 0 1 0 1 
0 0 0 0 0 0 0 0 0 0 0 0 0 0 0 1 0 0 0 0 
0 0 0 0 0 0 1 0 0 0 1 0 0 0 0 0 1 0 0 1 
0 0 0 0 0 0 1 0 0 0 0 0 0 0 0 0 0 1 0 1 
0 1 0 0 1 0 1 0 0 0 1 0 0 0 0 0 1 0 1 1 
0 0 0 0 0 0 1 0 0 0 0 0 0 0 0 0 0 0 0 1 

2 7 2 7 3 0 5 
1 8 8 3 1 3 1 
7 6 8 5 0 6 1 
7 8 5 2 9 8 4 
3 9 1 5 5 6 9 
9 0 3 4 4 1 8 
1 5 4 5 1 9 1 
4 7 9 8 5 5 0 
6 2 9 3 7 9 7 
8 9 2 4 4 4 8 
8 7 4 2 9 4 1 
6 9 1 8 5 7 7 
4 7 3 5 0 4 9 
0 2 7 9 6 7 8 
8 1 8 8 2 1 5 
1 9 8 9 0 8 1 
5 1 6 2 3 1 5 
8 1 5 3 3 5 8 
3 9 2 0 9 3 3 
5 5 3 0 1 9 1 
