20
8
3

1 0 0 0 0 0 0 0 0 0 0 0 0 0 0 0 0 0 0 0 
1 1 1 0 0 1 0 1 1 0 0 0 1 1 0 0 0 0 0 0 
0 0 1 0 0 0 0 0 0 0 0 0 0 0 0 0 0 0 0 0 
0 0 0 1 0 0 0 0 0 0 0 0 0 0 0 0 0 0 0 0 
0 0 0 0 1 0 0 0 0 0 0 0 0 0 0 0 0 0 0 0 
1 0 0 0 0 1 0 1 0 0 0 0 1 1 0 0 0 0 0 0 
0 0 1 0 0 0 1 0 0 0 0 0 0 0 0 0 0 0 0 0 
0 0 0 0 0 0 0 1 0 0 0 0 0 0 0 0 0 0 0 0 
1 0 0 0 0 1 0 1 1 0 0 0 1 1 0 0 0 0 0 0 
1 0 1 0 1 1 1 1 1 1 1 1 1 1 1 1 1 0 1 1 
1 0 1 0 1 1 1 1 1 1 1 1 1 1 1 1 1 0 1 1 
1 0 0 0 0 0 0 0 0 0 0 1 0 0 0 0 0 0 0 0 
0 0 0 0 0 0 0 1 0 0 0 0 1 0 0 0 0 0 0 0 
0 0 0 0 0 0 0 1 0 0 0 0 1 1 0 0 0 0 0 0 
1 0 1 0 1 1 1 1 1 1 1 1 1 1 1 1 1 0 1 1 
1 0 1 0 1 1 1 1 1 1 1 1 1 1 1 1 1 0 1 1 
1 0 1 0 1 1 1 1 1 1 1 1 1 1 1 1 1 0 1 1 
0 0 0 1 0 0 0 0 0 0 0 0 0 0 0 0 0 1 0 0 
1 0 1 0 1 1 1 1 1 1 1 1 1 1 1 1 1 0 1 1 
1 0 1 0 1 1 1 1 1 1 1 1 1 1 1 1 1 0 1 1 

2 3 4 6 4 7 0 2 
1 1 5 5 0 8 1 7 
0 7 3 6 6 2 3 2 
5 0 6 4 4 2 2 0 
5 7 0 7 6 6 3 8 
1 3 5 2 2 4 3 3 
6 9 8 6 8 7 2 3 
1 3 3 9 0 9 1 5 
6 7 5 2 3 7 1 2 
0 8 2 9 5 6 1 6 
2 0 1 2 5 0 5 7 
7 0 1 6 8 6 7 4 
9 8 3 0 9 1 0 5 
7 7 4 0 9 0 5 7 
1 5 2 3 6 2 7 6 
2 2 0 8 8 6 9 9 
1 4 3 7 4 2 9 6 
2 9 3 4 9 6 7 2 
8 2 4 3 4 4 4 3 
6 6 2 8 9 1 1 6 
