20
8
3

1 0 0 0 0 0 0 0 0 0 0 0 0 0 0 0 0 0 0 0 
0 1 0 0 0 0 0 0 1 0 0 0 0 0 0 0 0 1 1 1 
0 0 1 0 0 0 0 0 0 0 0 0 0 0 0 0 0 0 0 0 
0 0 0 1 0 0 0 1 1 0 0 0 0 0 0 0 0 1 1 1 
0 0 1 1 1 1 0 1 1 1 1 0 1 1 0 0 0 1 1 1 
0 0 0 0 0 1 0 0 0 0 0 0 0 0 0 0 0 0 0 0 
0 0 0 0 0 0 1 0 1 0 0 0 0 0 1 0 0 1 1 1 
0 0 0 1 0 0 0 1 1 0 0 0 0 0 0 0 0 1 1 1 
0 0 0 0 0 0 0 0 1 0 0 0 0 0 0 0 0 0 0 0 
0 0 0 1 0 1 0 1 1 1 1 0 0 0 0 0 0 1 1 1 
0 0 0 0 0 1 0 0 0 0 1 0 0 0 0 0 0 0 0 0 
0 0 0 0 0 1 0 0 1 0 1 1 0 0 0 1 0 1 0 0 
0 0 1 0 0 0 0 0 1 0 0 0 1 1 0 0 0 0 0 0 
0 0 0 0 0 0 0 0 1 0 0 0 0 1 0 0 0 0 0 0 
0 0 0 0 0 0 0 0 0 0 0 0 0 0 1 0 0 0 0 0 
0 0 0 0 0 1 0 0 0 0 1 0 0 0 0 1 0 0 0 0 
0 0 0 1 0 0 0 1 1 0 0 0 0 0 0 0 1 1 1 1 
0 0 0 0 0 0 0 0 0 0 0 0 0 0 0 0 0 1 0 0 
0 0 0 0 0 0 0 0 1 0 0 0 0 0 0 0 0 1 1 1 
0 0 0 0 0 0 0 0 0 0 0 0 0 0 0 0 0 1 0 1 

9 0 3 4 9 0 4 9 
9 5 9 9 1 2 9 5 
5 0 6 4 9 6 3 3 
6 0 4 6 6 3 0 5 
9 2 5 6 5 8 8 0 
5 2 7 6 0 5 0 8 
9 7 0 7 3 0 6 7 
3 5 3 6 2 7 7 1 
8 2 1 7 6 9 8 0 
6 1 3 5 3 8 3 1 
5 9 2 6 3 0 7 0 
2 9 8 5 2 5 8 6 
4 0 5 9 5 6 9 8 
0 6 0 5 0 9 5 7 
0 9 4 9 3 1 9 8 
1 5 8 1 0 4 2 4 
6 8 8 5 8 6 7 8 
7 4 4 3 9 9 4 4 
6 0 3 1 6 4 1 8 
4 8 9 9 7 7 2 5 
