20
8
3

1 0 1 1 1 1 0 0 0 1 1 1 1 1 1 0 1 1 1 1 
1 1 1 1 1 1 0 0 0 1 1 1 1 1 1 0 1 1 1 1 
1 0 1 1 1 1 0 0 0 1 1 1 1 1 1 0 1 1 1 1 
1 0 1 1 1 1 0 0 0 1 1 1 1 1 1 0 1 1 1 1 
1 0 1 1 1 1 0 0 0 1 1 1 1 1 1 0 1 1 1 1 
0 0 0 0 0 1 0 0 0 0 0 0 0 0 0 0 0 0 0 0 
0 0 0 0 0 0 1 0 0 0 0 0 0 0 0 0 0 0 0 0 
1 1 1 1 1 1 0 1 0 1 1 1 1 1 1 0 1 1 1 1 
1 1 1 1 1 1 0 0 1 1 1 1 1 1 1 0 1 1 1 1 
1 0 1 1 1 1 0 0 0 1 1 1 1 1 1 0 1 1 1 1 
1 0 1 1 1 1 0 0 0 1 1 1 1 1 1 0 1 1 1 1 
1 0 1 1 1 1 0 0 0 1 1 1 1 1 1 0 1 1 1 1 
1 0 1 1 1 1 0 0 0 1 1 1 1 1 1 0 1 1 1 1 
1 0 1 1 1 1 0 0 0 1 1 1 1 1 1 0 1 1 1 1 
1 0 1 1 1 1 0 0 0 1 1 1 1 1 1 0 1 1 1 1 
1 0 1 1 1 1 0 0 0 1 1 1 1 1 1 1 1 1 1 1 
1 0 1 1 1 1 0 0 0 1 1 1 1 1 1 0 1 1 1 1 
1 0 1 1 1 1 0 0 0 1 1 1 1 1 1 0 1 1 1 1 
1 0 1 1 1 1 0 0 0 1 1 1 1 1 1 0 1 1 1 1 
1 0 1 1 1 1 0 0 0 1 1 1 1 1 1 0 1 1 1 1 

6 8 1 1 8 7 5 1 
9 3 8 0 6 0 2 3 
1 3 8 1 6 8 9 4 
4 9 2 0 0 2 3 7 
8 3 3 9 6 6 3 4 
8 7 6 3 4 8 6 0 
1 1 3 1 5 8 8 4 
5 1 9 3 7 3 8 7 
7 0 6 8 4 4 7 5 
3 0 0 7 8 9 7 5 
4 9 7 8 7 6 3 9 
2 0 7 0 8 8 9 1 
0 6 7 2 2 2 5 1 
8 7 5 8 4 7 0 1 
9 1 1 8 3 4 8 1 
0 1 7 1 8 8 2 4 
7 7 3 3 0 6 7 8 
1 2 7 5 1 9 5 8 
4 6 3 2 4 1 6 0 
8 2 8 4 3 4 1 9 
