20
7
3

1 1 1 1 0 1 0 0 1 1 1 1 1 1 0 1 1 0 1 0 
1 1 1 1 0 1 0 0 1 1 1 1 1 1 0 1 1 0 1 0 
1 1 1 1 0 1 0 0 1 1 1 1 1 1 0 1 1 0 1 0 
1 1 1 1 0 1 0 0 1 1 1 1 1 1 0 1 1 0 1 0 
1 1 1 1 1 1 0 1 1 1 1 1 1 1 1 1 1 0 1 1 
1 1 1 1 0 1 0 0 1 1 1 1 1 1 0 1 1 0 1 0 
1 1 1 1 1 1 1 1 1 1 1 1 1 1 1 1 1 0 1 1 
1 1 1 1 0 1 0 1 1 1 1 1 1 1 0 1 1 0 1 0 
1 1 1 1 0 1 0 0 1 1 1 1 1 1 0 1 1 0 1 0 
1 1 1 1 0 1 0 0 1 1 1 1 1 1 0 1 1 0 1 0 
1 1 1 1 0 1 0 0 1 1 1 1 1 1 0 1 1 0 1 0 
1 1 1 1 0 1 0 0 1 1 1 1 1 1 0 1 1 0 1 0 
1 1 1 1 0 1 0 0 1 1 1 1 1 1 0 1 1 0 1 0 
1 1 1 1 0 1 0 0 1 1 1 1 1 1 0 1 1 0 1 0 
1 1 1 1 1 1 0 1 1 1 1 1 1 1 1 1 1 0 1 1 
1 1 1 1 0 1 0 0 1 1 1 1 1 1 0 1 1 0 1 0 
1 1 1 1 0 1 0 0 1 1 1 1 1 1 0 1 1 0 1 0 
0 0 0 0 0 0 0 0 0 0 0 0 0 0 0 0 0 1 0 0 
1 1 1 1 0 1 0 0 1 1 1 1 1 1 0 1 1 0 1 0 
1 1 1 1 1 1 0 1 1 1 1 1 1 1 1 1 1 0 1 1 

0 4 2 7 6 6 4 
1 7 5 0 8 7 5 
8 2 9 5 3 5 4 
0 3 5 3 3 1 1 
3 3 9 4 9 0 1 
7 7 1 6 3 4 3 
4 1 9 0 9 0 7 
7 2 4 5 1 5 0 
5 5 3 9 1 6 7 
5 4 9 5 6 2 3 
9 7 4 5 1 0 2 
3 7 1 0 1 5 5 
1 7 4 1 7 5 8 
3 0 7 3 2 0 0 
5 8 2 1 4 9 8 
7 8 7 7 8 5 2 
5 4 8 0 0 8 4 
9 7 0 0 5 1 4 
6 9 5 9 4 9 1 
1 0 5 8 3 6 5 
