20
8
3

1 1 1 1 0 1 1 1 1 1 0 1 1 0 1 0 0 1 1 1 
1 1 1 1 0 1 1 1 1 1 0 1 1 0 1 0 0 1 1 1 
0 0 1 0 0 0 0 0 0 0 0 0 0 0 1 0 0 0 0 0 
1 1 1 1 0 1 1 1 1 1 0 1 1 0 1 0 0 1 1 1 
0 0 0 0 1 0 0 0 0 0 0 0 0 0 0 0 0 0 0 0 
1 1 1 1 0 1 1 1 1 1 0 1 1 0 1 0 0 1 1 1 
0 0 1 0 0 0 1 0 0 0 0 1 0 0 1 0 0 0 0 0 
1 1 1 1 0 1 1 1 1 1 0 1 1 0 1 0 0 1 1 1 
0 0 0 0 0 0 0 0 1 0 0 0 0 0 0 0 0 0 0 0 
1 1 1 1 0 1 1 1 1 1 0 1 1 0 1 0 0 1 1 1 
1 1 1 1 0 1 1 1 1 1 1 1 1 0 1 0 0 1 1 1 
0 0 1 0 0 0 0 0 0 0 0 1 0 0 1 0 0 0 0 0 
1 1 1 1 0 1 1 1 1 1 0 1 1 0 1 0 0 1 1 1 
0 0 0 0 0 0 0 0 0 0 0 0 0 1 0 0 0 0 0 0 
0 0 0 0 0 0 0 0 0 0 0 0 0 0 1 0 0 0 0 0 
0 0 0 0 0 0 0 0 0 0 0 0 0 0 0 1 0 0 0 0 
1 1 1 1 0 1 1 1 1 1 0 1 1 0 1 0 1 1 1 1 
1 1 1 1 0 1 1 1 1 1 0 1 1 0 1 0 0 1 1 1 
1 1 1 1 0 1 1 1 1 1 0 1 1 0 1 0 0 1 1 1 
1 1 1 1 0 1 1 1 1 1 0 1 1 0 1 0 0 1 1 1 

9 5 8 3 0 9 0 9 
3 5 9 3 7 6 7 3 
7 6 9 2 1 8 1 2 
7 0 6 3 4 3 0 1 
8 7 3 5 5 8 8 0 
9 5 3 3 9 8 9 6 
9 4 7 7 9 3 3 0 
0 7 3 9 6 5 4 0 
8 9 0 8 9 3 2 5 
1 8 8 4 8 6 4 7 
6 9 0 0 3 1 0 8 
2 2 5 5 6 1 7 3 
7 0 6 1 8 6 1 3 
9 0 5 4 1 6 3 1 
6 4 7 6 0 5 2 1 
6 7 7 3 2 8 5 6 
5 9 7 1 9 1 4 5 
8 5 5 3 0 9 5 1 
0 2 5 9 1 6 0 1 
3 4 8 2 1 7 3 1 
