20
8
3

1 0 0 0 0 0 1 0 0 0 0 0 0 0 0 0 0 0 0 0 
0 1 0 0 0 0 0 1 0 0 0 0 0 0 1 1 0 0 0 0 
0 0 1 0 0 0 0 0 0 0 0 0 0 0 0 0 0 0 0 0 
0 0 0 1 0 0 0 0 0 0 0 0 0 0 0 0 0 0 0 0 
1 0 1 0 1 0 1 1 1 1 0 0 1 0 1 1 1 0 1 1 
1 0 1 0 1 1 1 1 1 1 0 1 1 1 1 1 1 0 1 1 
0 0 0 0 0 0 1 0 0 0 0 0 0 0 0 0 0 0 0 0 
0 0 0 0 0 0 0 1 0 0 0 0 0 0 0 0 0 0 0 0 
1 0 1 0 1 0 1 1 1 1 0 0 1 0 1 1 1 0 1 1 
1 0 1 0 1 0 1 1 1 1 0 0 1 0 1 1 1 0 1 1 
1 0 1 0 1 0 1 1 1 1 1 0 1 0 1 1 1 0 1 1 
1 0 0 0 0 0 1 1 0 0 0 1 0 0 1 1 0 0 0 0 
0 0 0 0 0 0 0 0 0 0 0 0 1 0 0 0 0 0 1 0 
0 0 0 0 0 0 0 1 0 0 0 0 0 1 0 1 0 0 0 0 
0 0 0 0 0 0 0 1 0 0 0 0 0 0 1 1 0 0 0 0 
0 0 0 0 0 0 0 0 0 0 0 0 0 0 0 1 0 0 0 0 
0 0 0 0 0 0 1 1 0 0 0 0 1 0 1 1 1 0 1 0 
0 0 0 0 0 0 0 1 0 0 0 0 0 1 0 1 0 1 0 0 
0 0 0 0 0 0 0 0 0 0 0 0 0 0 0 0 0 0 1 0 
1 0 1 0 1 0 1 1 1 1 0 0 1 0 1 1 1 0 1 1 

4 5 9 2 7 7 5 4 
2 1 2 7 8 1 6 5 
1 8 8 5 4 1 9 3 
0 5 0 0 1 5 5 4 
4 9 8 0 9 1 9 2 
7 2 1 9 1 4 6 1 
6 3 7 2 8 4 1 8 
5 5 5 0 3 0 5 4 
3 6 3 9 9 5 4 9 
6 9 3 8 6 5 9 9 
9 7 8 9 9 1 0 4 
3 9 2 9 1 0 3 6 
7 8 5 9 8 8 8 5 
6 7 9 9 3 6 6 6 
1 9 0 8 5 5 7 9 
4 0 8 3 1 4 8 5 
9 0 0 2 5 4 3 7 
0 1 7 0 3 8 2 8 
7 6 8 9 5 0 7 2 
9 5 7 0 9 8 0 2 
