20
8
3

1 1 1 1 1 0 1 1 1 1 1 1 1 0 1 1 0 0 0 0 
0 1 1 1 1 0 1 1 1 1 1 1 1 0 1 1 0 0 0 0 
0 1 1 1 1 0 1 1 1 1 1 1 1 0 1 1 0 0 0 0 
0 1 1 1 1 0 1 1 1 1 1 1 1 0 1 1 0 0 0 0 
0 1 1 1 1 0 1 1 1 1 1 1 1 0 1 1 0 0 0 0 
0 0 0 0 0 1 0 0 0 0 0 0 0 0 0 0 0 0 0 0 
0 1 1 1 1 0 1 1 1 1 1 1 1 0 1 1 0 0 0 0 
0 1 1 1 1 0 1 1 1 1 1 1 1 0 1 1 0 0 0 0 
0 1 1 1 1 0 1 1 1 1 1 1 1 0 1 1 0 0 0 0 
0 1 1 1 1 0 1 1 1 1 1 1 1 0 1 1 0 0 0 0 
0 1 1 1 1 0 1 1 1 1 1 1 1 0 1 1 0 0 0 0 
0 1 1 1 1 0 1 1 1 1 1 1 1 0 1 1 0 0 0 0 
0 1 1 1 1 0 1 1 1 1 1 1 1 0 1 1 0 0 0 0 
0 0 0 0 0 0 0 0 0 0 0 0 0 1 0 0 0 0 0 0 
0 0 0 0 0 0 0 0 0 0 0 0 0 0 1 0 0 0 0 0 
0 0 0 0 0 0 0 0 0 0 0 0 0 0 0 1 0 0 0 0 
0 1 1 1 1 0 1 1 1 1 1 1 1 0 1 1 1 0 0 0 
0 0 0 0 0 0 0 0 0 0 0 0 0 0 0 0 0 1 0 0 
0 0 0 0 0 0 0 0 0 0 0 0 0 0 1 0 0 0 1 0 
1 1 1 1 1 1 1 1 1 1 1 1 1 0 1 1 0 0 0 1 

8 1 9 2 0 7 3 3 
7 3 6 4 1 2 6 3 
2 9 3 2 0 8 7 3 
1 6 2 8 7 3 0 6 
3 8 8 9 8 2 3 7 
4 9 0 1 9 5 2 9 
2 8 4 0 7 2 5 5 
1 4 5 3 4 6 6 0 
0 7 1 3 7 9 3 9 
7 9 8 0 2 7 4 0 
5 0 4 9 7 9 9 8 
2 7 0 2 0 4 6 5 
2 3 8 3 1 4 4 5 
1 6 8 7 9 9 8 6 
6 1 3 6 8 5 6 2 
8 5 0 9 1 7 7 9 
2 7 9 1 1 4 1 9 
3 2 2 6 1 2 9 7 
0 5 9 1 6 0 7 4 
3 1 1 2 5 2 3 2 
