20
8
3

1 0 0 1 0 0 1 1 0 0 1 0 0 0 0 1 0 1 1 0 
0 1 0 1 0 1 0 1 0 0 1 0 1 0 0 0 1 1 0 0 
0 0 1 1 0 0 0 1 0 0 1 0 0 0 0 0 0 1 0 0 
0 0 0 1 0 0 0 1 0 0 1 0 0 0 0 0 0 1 0 0 
0 0 0 0 1 0 0 0 0 0 0 0 0 0 0 0 1 0 0 0 
0 0 0 1 0 1 0 1 0 0 1 0 0 0 0 0 0 1 0 0 
0 0 0 0 0 0 1 0 0 0 0 0 0 0 0 0 0 0 0 0 
0 0 0 0 0 0 0 1 0 0 0 0 0 0 0 0 0 1 0 0 
0 0 0 0 0 0 0 0 1 0 0 0 0 0 0 0 0 0 0 0 
0 0 0 1 0 0 1 1 0 1 1 0 0 0 0 1 0 1 1 0 
0 0 0 1 0 0 0 1 0 0 1 0 0 0 0 0 0 1 0 0 
0 0 0 0 0 0 0 0 0 0 0 1 0 0 0 0 0 0 0 0 
0 0 0 1 0 1 0 1 0 0 1 0 1 0 0 0 1 1 0 0 
1 0 1 1 0 1 1 1 0 0 1 0 1 1 0 1 1 1 1 0 
0 0 0 0 0 0 1 0 0 0 0 0 0 0 1 1 0 0 0 0 
0 0 0 0 0 0 1 0 0 0 0 0 0 0 0 1 0 0 0 0 
0 0 0 0 0 0 0 0 0 0 0 0 0 0 0 0 1 0 0 0 
0 0 0 0 0 0 0 0 0 0 0 0 0 0 0 0 0 1 0 0 
0 0 0 1 0 0 1 1 0 0 1 0 0 0 0 1 0 1 1 0 
0 0 1 1 0 0 1 1 0 0 1 0 0 0 0 0 0 1 0 1 

8 1 6 0 5 8 4 1 
9 3 5 1 4 4 6 7 
1 3 6 2 6 4 9 4 
1 1 2 4 5 8 0 1 
7 6 8 1 4 0 4 1 
1 5 7 1 9 8 8 1 
5 1 2 9 1 2 9 9 
0 8 8 6 8 5 7 1 
8 1 0 9 0 5 3 4 
7 0 3 3 7 2 6 0 
9 2 6 7 0 0 2 2 
7 7 5 5 4 9 7 9 
4 9 6 3 7 0 9 3 
8 6 1 3 7 6 0 4 
1 8 6 0 2 0 5 9 
4 6 3 3 8 7 2 8 
4 2 2 7 6 8 8 9 
2 9 6 6 4 0 0 5 
0 9 6 5 7 3 2 1 
7 9 2 0 3 8 2 4 
