20
8
3

1 1 1 0 0 1 1 0 1 1 1 1 1 1 1 1 1 1 0 1 
1 1 1 0 0 1 1 0 1 1 1 1 1 1 1 1 1 1 0 1 
1 1 1 0 0 1 1 0 1 1 1 1 1 1 1 1 1 1 0 1 
0 0 0 1 0 0 0 0 0 0 0 0 0 0 0 0 0 0 0 0 
1 1 1 0 1 1 1 0 1 1 1 1 1 1 1 1 1 1 0 1 
1 1 1 0 0 1 1 0 1 1 1 1 1 1 1 1 1 1 0 1 
1 1 1 0 0 1 1 0 1 1 1 1 1 1 1 1 1 1 0 1 
0 0 0 1 0 0 0 1 0 1 0 0 0 0 0 0 0 1 0 0 
1 1 1 0 0 1 1 0 1 1 1 1 1 1 1 1 1 1 0 1 
0 0 0 0 0 0 0 0 0 1 0 0 0 0 0 0 0 1 0 0 
1 1 1 0 0 1 1 0 1 1 1 1 1 1 1 1 1 1 0 1 
1 1 1 0 0 1 1 0 1 1 1 1 1 1 1 1 1 1 0 1 
1 1 1 0 0 1 1 0 1 1 1 1 1 1 1 1 1 1 0 1 
1 1 1 0 0 1 1 0 1 1 1 1 1 1 1 1 1 1 0 1 
1 1 1 0 0 1 1 0 1 1 1 1 1 1 1 1 1 1 0 1 
1 1 1 0 0 1 1 0 1 1 1 1 1 1 1 1 1 1 0 1 
1 1 1 0 0 1 1 0 1 1 1 1 1 1 1 1 1 1 0 1 
0 0 0 0 0 0 0 0 0 0 0 0 0 0 0 0 0 1 0 0 
1 1 1 0 0 1 1 0 1 1 1 1 1 1 1 1 1 1 1 1 
1 1 1 0 0 1 1 0 1 1 1 1 1 1 1 1 1 1 0 1 

1 2 0 0 5 5 7 1 
7 0 4 8 3 2 0 3 
7 3 6 5 2 2 4 1 
9 6 3 5 5 2 4 7 
5 6 3 4 5 6 7 3 
8 5 2 8 6 6 2 8 
7 5 1 0 2 6 7 9 
6 7 6 0 2 1 5 8 
6 9 9 7 3 1 4 9 
0 0 0 8 2 2 3 8 
2 7 8 1 1 0 2 9 
3 8 1 4 2 2 6 2 
0 4 4 8 5 4 4 0 
5 3 9 0 0 8 6 6 
1 0 2 7 9 0 5 5 
1 1 1 6 4 4 7 1 
6 1 8 0 3 5 9 4 
1 2 4 9 1 7 0 2 
0 3 8 9 2 5 5 0 
4 7 6 0 1 0 1 1 
