20
8
3

1 0 0 0 0 0 0 0 0 0 1 0 0 0 0 0 0 0 0 0 
1 1 1 1 1 1 1 1 0 1 1 0 1 1 1 1 1 1 1 0 
0 0 1 0 0 0 0 0 0 0 0 0 0 0 0 0 0 0 0 0 
1 0 1 1 1 1 1 1 0 1 1 0 1 1 1 1 1 1 1 0 
0 0 0 0 1 0 0 0 0 0 0 0 0 0 0 0 0 0 0 0 
0 0 0 0 1 1 0 0 0 0 1 0 1 1 0 0 0 0 0 0 
1 0 1 1 1 1 1 1 0 1 1 0 1 1 1 1 1 1 1 0 
1 0 1 1 1 1 1 1 0 1 1 0 1 1 1 1 1 1 1 0 
1 1 1 1 1 1 1 1 1 1 1 1 1 1 1 1 1 1 1 0 
1 0 0 0 1 1 0 0 0 1 1 0 1 1 0 1 0 0 0 0 
0 0 0 0 0 0 0 0 0 0 1 0 0 0 0 0 0 0 0 0 
1 1 1 1 1 1 1 1 0 1 1 1 1 1 1 1 1 1 1 0 
0 0 0 0 1 1 0 0 0 0 1 0 1 1 0 0 0 0 0 0 
0 0 0 0 0 0 0 0 0 0 0 0 0 1 0 0 0 0 0 0 
1 0 1 1 1 1 1 1 0 1 1 0 1 1 1 1 1 1 1 0 
0 0 0 0 1 1 0 0 0 0 1 0 1 1 0 1 0 0 0 0 
1 0 1 1 1 1 1 1 0 1 1 0 1 1 1 1 1 1 1 0 
1 0 1 1 1 1 1 1 0 1 1 0 1 1 1 1 1 1 1 0 
0 0 0 0 1 1 0 0 0 0 1 0 1 1 0 0 0 0 1 0 
0 0 0 0 0 0 0 0 0 0 0 0 0 0 0 0 0 0 0 1 

9 7 0 0 8 0 7 2 
0 4 7 8 9 8 8 2 
1 5 4 3 7 0 1 7 
5 6 9 2 1 9 7 0 
2 4 4 1 0 3 8 8 
8 8 0 3 0 0 1 7 
5 9 5 3 8 8 8 7 
3 5 1 2 2 4 5 9 
5 7 0 4 8 0 5 1 
3 5 4 3 8 6 0 1 
9 2 4 9 2 8 5 0 
3 6 3 4 1 6 1 3 
5 3 3 3 9 2 0 3 
8 7 7 0 3 3 2 1 
9 8 9 0 0 8 9 4 
3 1 0 6 3 7 4 0 
2 5 4 4 1 2 6 7 
7 4 5 8 2 1 1 1 
0 8 0 5 2 8 4 8 
3 0 1 8 0 9 2 8 
