20
8
3

1 1 1 1 1 0 0 1 1 1 1 1 1 1 1 1 1 1 1 1 
1 1 1 1 1 0 0 1 1 1 1 1 1 1 1 1 1 1 1 1 
1 1 1 1 1 0 0 1 1 1 1 1 1 1 1 1 1 1 1 1 
1 1 1 1 1 0 0 1 1 1 1 1 1 1 1 1 1 1 1 1 
1 1 1 1 1 0 0 1 1 1 1 1 1 1 1 1 1 1 1 1 
1 1 1 1 1 1 0 1 1 1 1 1 1 1 1 1 1 1 1 1 
1 1 1 1 1 0 1 1 1 1 1 1 1 1 1 1 1 1 1 1 
1 1 1 1 1 0 0 1 1 1 1 1 1 1 1 1 1 1 1 1 
1 1 1 1 1 0 0 1 1 1 1 1 1 1 1 1 1 1 1 1 
1 1 1 1 1 0 0 1 1 1 1 1 1 1 1 1 1 1 1 1 
1 1 1 1 1 0 0 1 1 1 1 1 1 1 1 1 1 1 1 1 
1 1 1 1 1 0 0 1 1 1 1 1 1 1 1 1 1 1 1 1 
1 1 1 1 1 0 0 1 1 1 1 1 1 1 1 1 1 1 1 1 
1 1 1 1 1 0 0 1 1 1 1 1 1 1 1 1 1 1 1 1 
1 1 1 1 1 0 0 1 1 1 1 1 1 1 1 1 1 1 1 1 
1 1 1 1 1 0 0 1 1 1 1 1 1 1 1 1 1 1 1 1 
1 1 1 1 1 0 0 1 1 1 1 1 1 1 1 1 1 1 1 1 
1 1 1 1 1 0 0 1 1 1 1 1 1 1 1 1 1 1 1 1 
1 1 1 1 1 0 0 1 1 1 1 1 1 1 1 1 1 1 1 1 
1 1 1 1 1 0 0 1 1 1 1 1 1 1 1 1 1 1 1 1 

9 3 9 6 0 6 3 5 
0 1 0 1 9 1 9 8 
6 5 0 5 7 8 1 5 
0 6 2 6 2 8 9 5 
5 9 8 6 7 5 5 5 
8 7 9 1 5 1 3 8 
9 0 8 6 8 1 5 9 
2 7 7 2 5 5 3 7 
3 8 3 6 1 8 3 0 
7 9 6 2 2 3 2 6 
3 6 0 2 2 0 6 3 
8 6 0 2 1 4 3 2 
5 0 8 3 8 7 9 7 
4 8 8 8 5 8 7 7 
2 3 4 3 7 3 3 1 
8 7 9 3 4 4 8 8 
0 8 5 6 5 3 9 3 
8 2 9 8 4 2 1 8 
3 6 5 2 7 0 1 0 
3 2 8 5 0 0 1 6 
