20
8
3

1 0 0 0 0 0 0 0 0 0 0 0 0 0 0 0 0 0 0 0 
1 1 1 1 0 1 1 1 0 1 1 1 0 1 1 0 1 1 1 1 
0 0 1 0 0 0 0 0 0 0 1 0 0 0 0 0 0 0 0 0 
0 0 0 1 0 0 1 0 0 0 0 1 0 0 0 0 0 0 0 0 
0 0 0 0 1 0 0 0 0 0 0 0 0 0 0 0 0 0 0 0 
1 1 1 1 0 1 1 1 0 1 1 1 0 1 1 0 1 1 1 1 
0 0 0 0 0 0 1 0 0 0 0 0 0 0 0 0 0 0 0 0 
1 1 1 1 0 1 1 1 0 1 1 1 0 1 1 0 1 1 1 1 
1 0 0 0 0 0 0 0 1 0 0 0 0 1 1 0 0 0 0 0 
1 0 1 0 0 0 0 0 0 1 1 0 0 1 1 0 0 1 0 0 
0 0 0 0 0 0 0 0 0 0 1 0 0 0 0 0 0 0 0 0 
0 0 0 0 0 0 0 0 0 0 0 1 0 0 0 0 0 0 0 0 
0 0 0 0 0 0 0 0 0 0 0 0 1 0 0 0 0 0 0 0 
1 0 0 0 0 0 0 0 0 0 0 0 0 1 1 0 0 0 0 0 
1 0 0 0 0 0 0 0 0 0 0 0 0 1 1 0 0 0 0 0 
1 1 1 1 0 1 1 1 0 1 1 1 1 1 1 1 1 1 1 1 
1 0 1 1 0 0 1 0 0 1 1 1 0 1 1 0 1 1 0 0 
0 0 0 0 0 0 0 0 0 0 0 0 0 0 0 0 0 1 0 0 
1 1 1 1 0 1 1 1 0 1 1 1 0 1 1 0 1 1 1 1 
1 0 1 1 0 0 1 0 0 1 1 1 0 1 1 0 1 1 0 1 

5 9 6 0 8 6 8 9 
0 1 0 4 0 0 8 7 
0 4 8 1 2 1 3 6 
6 0 9 2 5 4 3 6 
9 6 1 2 3 5 9 4 
2 6 6 2 9 3 2 8 
5 9 7 3 0 2 2 9 
6 2 0 7 9 7 8 2 
6 6 3 8 3 5 5 8 
0 2 5 6 7 3 5 3 
3 1 6 1 4 5 0 9 
4 0 2 4 9 4 7 9 
1 5 0 8 2 1 5 5 
9 2 8 0 8 1 4 9 
9 2 3 9 6 5 5 6 
6 3 8 3 6 6 5 7 
3 7 5 6 7 8 4 0 
1 4 4 3 8 2 3 0 
4 1 2 0 3 3 8 9 
7 9 8 1 0 6 7 3 
