20
8
3

1 0 1 1 0 1 0 1 0 1 1 0 1 1 1 0 1 1 0 1 
1 1 1 1 0 1 0 1 0 1 1 0 1 1 1 0 1 1 0 1 
1 0 1 1 0 1 0 1 0 1 1 0 1 1 1 0 1 1 0 1 
1 0 1 1 0 1 0 1 0 1 1 0 1 1 1 0 1 1 0 1 
0 0 0 0 1 0 0 0 0 0 0 0 1 0 0 0 0 0 0 0 
1 0 1 1 0 1 0 1 0 1 1 0 1 1 1 0 1 1 0 1 
1 0 1 1 0 1 1 1 0 1 1 0 1 1 1 0 1 1 0 1 
1 0 1 1 0 1 0 1 0 1 1 0 1 1 1 0 1 1 0 1 
0 0 0 0 0 0 0 0 1 0 0 0 0 1 0 0 0 0 0 0 
1 0 1 1 0 1 0 1 0 1 1 0 1 1 1 0 1 1 0 1 
1 0 1 1 0 1 0 1 0 1 1 0 1 1 1 0 1 1 0 1 
1 0 1 1 0 1 0 1 0 1 1 1 1 1 1 0 1 1 0 1 
0 0 0 0 0 0 0 0 0 0 0 0 1 0 0 0 0 0 0 0 
0 0 0 0 0 0 0 0 0 0 0 0 0 1 0 0 0 0 0 0 
1 0 1 1 0 1 0 1 0 1 1 0 1 1 1 0 1 1 0 1 
0 0 0 0 0 0 0 0 0 0 0 0 0 0 0 1 0 0 0 0 
1 0 1 1 0 1 0 1 0 1 1 0 1 1 1 0 1 1 0 1 
1 0 1 1 0 1 0 1 0 1 1 0 1 1 1 0 1 1 0 1 
1 0 1 1 0 1 0 1 0 1 1 0 1 1 1 0 1 1 1 1 
1 0 1 1 0 1 0 1 0 1 1 0 1 1 1 0 1 1 0 1 

0 3 5 0 2 0 4 8 
5 3 3 4 2 9 6 6 
6 1 6 6 2 8 5 9 
2 0 9 3 6 7 8 1 
5 8 5 0 9 8 6 3 
1 0 4 8 1 6 5 3 
7 3 7 9 7 9 6 1 
1 0 7 3 9 5 9 6 
7 2 5 0 2 2 5 0 
8 3 8 2 3 8 4 0 
8 9 4 6 8 5 7 6 
2 2 2 5 9 1 6 5 
0 1 3 5 0 0 6 6 
5 8 3 9 2 4 4 3 
7 3 9 9 3 3 6 3 
0 6 4 5 6 8 0 1 
9 6 5 3 3 7 3 0 
0 2 4 5 1 5 0 1 
8 1 1 1 8 7 3 6 
8 7 8 8 7 0 6 1 
