20
8
3

1 0 0 0 0 0 0 0 0 0 0 0 0 0 0 0 0 0 0 0 
0 1 0 1 1 0 1 0 1 1 0 0 1 1 1 1 1 1 1 1 
0 1 1 1 1 0 1 0 1 1 0 0 1 1 1 1 1 1 1 1 
0 1 0 1 1 0 1 0 1 1 0 0 1 1 1 1 1 1 1 1 
0 0 0 0 1 0 0 0 0 0 0 0 0 0 0 0 0 0 0 1 
0 1 0 1 1 1 1 0 1 1 0 0 1 1 1 1 1 1 1 1 
0 0 0 0 0 0 1 0 0 0 0 0 0 0 0 0 0 0 0 0 
0 1 1 1 1 0 1 1 1 1 0 1 1 1 1 1 1 1 1 1 
0 1 0 1 1 0 1 0 1 1 0 0 1 1 1 1 1 1 1 1 
0 1 0 1 1 0 1 0 1 1 0 0 1 1 1 1 1 1 1 1 
0 0 0 0 0 0 0 0 0 0 1 0 0 0 0 0 0 0 0 0 
0 1 1 1 1 0 1 1 1 1 0 1 1 1 1 1 1 1 1 1 
0 0 0 0 0 0 0 0 0 0 0 0 1 0 0 0 0 0 0 0 
0 1 0 1 1 0 1 0 1 1 0 0 1 1 1 1 1 1 1 1 
0 1 0 1 1 0 1 0 1 1 0 0 1 1 1 1 1 1 1 1 
0 1 0 1 1 0 1 0 1 1 0 0 1 1 1 1 1 1 1 1 
0 0 0 0 0 0 0 0 0 0 0 0 0 0 0 0 1 0 0 0 
0 1 0 1 1 0 1 0 1 1 0 0 1 1 1 1 1 1 1 1 
0 1 0 1 1 0 1 0 1 1 0 0 1 1 1 1 1 1 1 1 
0 0 0 0 0 0 0 0 0 0 0 0 0 0 0 0 0 0 0 1 

7 5 3 3 9 3 4 9 
0 1 3 7 5 0 4 8 
2 7 3 0 9 6 6 9 
1 8 4 9 5 7 0 7 
7 1 4 1 3 1 7 9 
7 8 5 2 6 2 1 0 
3 5 3 6 0 8 8 9 
3 9 8 6 0 9 4 6 
1 5 7 2 9 4 1 6 
5 2 5 3 7 2 8 1 
7 4 1 9 7 7 9 7 
8 0 0 8 1 1 4 7 
4 4 0 8 5 0 1 0 
8 4 0 5 1 6 4 0 
9 6 2 0 7 7 2 8 
6 6 3 8 9 8 8 1 
7 8 5 2 6 8 1 7 
1 6 7 0 2 5 5 0 
8 6 7 3 0 6 2 0 
2 6 0 8 6 2 5 1 
