20
8
3

1 0 0 0 0 0 0 0 0 0 0 0 0 0 0 0 0 0 0 0 
1 1 1 1 1 1 1 1 1 1 1 1 1 0 1 1 1 1 1 1 
1 1 1 1 1 1 1 1 1 1 1 1 1 0 1 1 1 1 1 1 
1 0 0 1 1 0 1 1 1 1 1 1 1 0 1 1 1 1 0 1 
0 0 0 0 1 0 0 0 0 0 0 0 0 0 0 0 0 0 0 0 
1 0 0 1 1 1 1 1 1 1 1 1 1 0 1 1 1 1 0 1 
1 0 0 0 1 0 1 1 1 1 1 1 1 0 1 1 1 1 0 1 
0 0 0 0 0 0 0 1 0 0 0 0 0 0 0 0 0 0 0 0 
1 0 0 0 1 0 1 1 1 1 1 1 1 0 1 1 1 1 0 1 
0 0 0 0 0 0 0 0 0 1 0 0 0 0 0 0 0 0 0 0 
1 0 0 0 1 0 1 1 1 1 1 1 1 0 1 1 1 1 0 1 
1 0 0 0 1 0 1 1 1 1 1 1 1 0 1 1 1 1 0 1 
1 0 0 0 1 0 1 1 1 1 1 1 1 0 1 1 1 1 0 1 
0 0 0 0 0 0 0 0 0 0 0 0 0 1 0 0 0 0 0 0 
0 0 0 0 0 0 0 0 0 0 0 0 0 0 1 0 0 0 0 0 
0 0 0 0 1 0 0 0 0 0 0 0 0 0 0 1 0 0 0 0 
1 0 0 0 1 0 1 1 1 1 1 1 1 0 1 1 1 1 0 1 
1 0 0 0 1 0 1 1 1 1 1 1 1 0 1 1 1 1 0 1 
0 0 0 0 0 0 0 0 0 0 0 0 0 0 0 0 0 0 1 0 
1 0 0 0 1 0 1 1 1 1 1 1 1 0 1 1 1 1 0 1 

2 2 2 2 5 1 9 5 
9 2 6 1 4 9 2 6 
2 8 8 8 9 9 3 0 
8 6 0 4 5 1 4 7 
6 4 6 6 4 4 5 2 
5 6 8 6 5 4 4 0 
3 8 8 9 6 6 6 2 
6 3 9 3 1 3 1 7 
6 6 1 6 0 8 2 8 
6 1 3 0 4 6 5 8 
0 7 1 7 7 9 5 1 
1 2 8 6 2 9 2 4 
7 7 1 7 5 3 2 1 
2 4 6 6 6 1 7 5 
2 9 3 9 3 5 8 5 
4 0 5 6 8 3 4 4 
1 2 8 4 6 0 1 2 
4 9 2 3 1 0 5 5 
5 0 1 1 0 7 6 6 
7 4 7 5 4 8 8 6 
