20
8
3

1 1 1 1 0 1 0 1 1 1 1 1 1 1 1 1 1 1 0 0 
0 1 1 1 0 1 0 0 1 1 1 1 1 1 1 1 1 1 0 0 
0 1 1 1 0 1 0 0 1 1 1 1 1 1 1 1 1 1 0 0 
0 1 1 1 0 1 0 0 1 1 1 1 1 1 1 1 1 1 0 0 
0 0 0 0 1 0 0 0 0 1 0 0 0 0 1 0 0 0 0 0 
0 0 0 0 0 1 0 0 0 0 0 0 0 0 0 0 0 0 0 0 
0 0 0 0 0 0 1 0 0 0 0 0 0 0 0 0 0 0 0 0 
0 1 1 1 0 1 0 1 1 1 1 1 1 1 1 1 1 1 0 0 
0 1 1 1 0 1 0 0 1 1 1 1 1 1 1 1 1 1 0 0 
0 0 0 0 0 0 0 0 0 1 0 0 0 0 1 0 0 0 0 0 
0 1 1 1 0 1 0 0 1 1 1 1 1 1 1 1 1 1 0 0 
0 1 1 1 0 1 0 0 1 1 1 1 1 1 1 1 1 1 0 0 
0 1 1 1 0 1 0 0 1 1 1 1 1 1 1 1 1 1 0 0 
0 1 1 1 0 1 0 0 1 1 1 1 1 1 1 1 1 1 0 0 
0 0 0 0 0 0 0 0 0 0 0 0 0 0 1 0 0 0 0 0 
0 1 1 1 0 1 0 0 1 1 1 1 1 1 1 1 1 1 0 0 
0 1 1 1 0 1 0 0 1 1 1 1 1 1 1 1 1 1 0 0 
0 1 1 1 0 1 0 0 1 1 1 1 1 1 1 1 1 1 0 0 
0 1 1 1 0 1 0 1 1 1 1 1 1 1 1 1 1 1 1 0 
0 1 1 1 0 1 0 0 1 1 1 1 1 1 1 1 1 1 0 1 

9 9 2 3 4 7 5 5 
5 6 6 3 4 1 4 3 
3 6 8 7 5 2 0 0 
7 4 2 3 7 2 0 3 
1 0 0 9 3 6 9 4 
4 7 9 1 9 1 2 4 
8 6 6 8 5 7 1 8 
6 6 2 8 6 6 3 0 
2 4 7 9 9 5 0 8 
7 1 6 0 1 8 4 1 
6 7 0 0 4 9 7 5 
0 1 6 9 4 0 9 6 
9 0 7 6 7 6 4 9 
7 4 7 6 0 6 3 6 
4 4 2 8 8 6 3 0 
0 9 9 2 4 0 2 2 
4 1 5 0 2 1 3 0 
5 3 1 6 7 6 1 5 
2 3 2 2 5 7 8 4 
3 2 1 4 2 4 9 3 
