20
8
3

1 1 1 1 1 1 1 1 1 1 0 1 1 1 1 1 1 1 1 1 
0 1 1 1 1 1 1 1 1 1 0 1 1 1 1 1 1 1 1 1 
0 1 1 1 1 1 1 1 1 1 0 1 1 1 1 1 1 1 1 1 
0 1 1 1 1 1 1 1 1 1 0 1 1 1 1 1 1 1 1 1 
0 1 1 1 1 1 1 1 1 1 0 1 1 1 1 1 1 1 1 1 
0 1 1 1 1 1 1 1 1 1 0 1 1 1 1 1 1 1 1 1 
0 1 1 1 1 1 1 1 1 1 0 1 1 1 1 1 1 1 1 1 
0 1 1 1 1 1 1 1 1 1 0 1 1 1 1 1 1 1 1 1 
0 1 1 1 1 1 1 1 1 1 0 1 1 1 1 1 1 1 1 1 
0 1 1 1 1 1 1 1 1 1 0 1 1 1 1 1 1 1 1 1 
1 1 1 1 1 1 1 1 1 1 1 1 1 1 1 1 1 1 1 1 
0 1 1 1 1 1 1 1 1 1 0 1 1 1 1 1 1 1 1 1 
0 0 0 0 0 0 0 0 0 0 0 0 1 0 0 0 0 0 0 0 
0 1 1 1 1 1 1 1 1 1 0 1 1 1 1 1 1 1 1 1 
0 1 1 1 1 1 1 1 1 1 0 1 1 1 1 1 1 1 1 1 
0 1 1 1 1 1 1 1 1 1 0 1 1 1 1 1 1 1 1 1 
0 1 1 1 1 1 1 1 1 1 0 1 1 1 1 1 1 1 1 1 
0 1 1 1 1 1 1 1 1 1 0 1 1 1 1 1 1 1 1 1 
0 1 1 1 1 1 1 1 1 1 0 1 1 1 1 1 1 1 1 1 
0 0 0 0 0 0 0 0 0 0 0 0 0 0 0 0 0 0 0 1 

2 9 2 2 8 1 5 0 
3 0 9 0 1 8 7 7 
9 2 5 5 9 9 6 4 
5 3 7 1 0 8 1 6 
4 8 9 1 4 4 3 2 
1 8 0 3 2 7 0 9 
9 1 7 4 6 8 7 4 
7 7 7 2 3 0 0 8 
1 0 4 9 0 8 6 2 
3 3 1 3 5 5 4 0 
6 2 2 4 1 0 2 4 
6 5 9 3 8 7 7 4 
4 5 5 3 1 8 4 0 
0 8 1 0 3 9 2 9 
5 0 9 4 7 5 2 0 
9 0 1 5 5 9 4 3 
2 6 6 5 4 6 2 9 
4 1 1 7 8 7 2 2 
0 5 2 4 3 3 4 1 
9 6 5 3 9 9 5 3 
