20
8
3

1 0 1 1 1 1 1 1 1 1 1 1 1 1 1 1 0 1 1 1 
1 1 1 1 1 1 1 1 1 1 1 1 1 1 1 1 0 1 1 1 
1 0 1 1 1 1 1 1 1 1 1 1 1 1 1 1 0 1 1 1 
1 0 1 1 1 1 1 1 1 1 1 1 1 1 1 1 0 1 1 1 
1 0 1 1 1 1 1 1 1 1 1 1 1 1 1 1 0 1 1 1 
1 0 1 1 1 1 1 1 1 1 1 1 1 1 1 1 0 1 1 1 
1 0 1 1 1 1 1 1 1 1 1 1 1 1 1 1 0 1 1 1 
1 0 1 1 1 1 1 1 1 1 1 1 1 1 1 1 0 1 1 1 
1 0 1 1 1 1 1 1 1 1 1 1 1 1 1 1 0 1 1 1 
1 0 1 1 1 1 1 1 1 1 1 1 1 1 1 1 0 1 1 1 
1 0 1 1 1 1 1 1 1 1 1 1 1 1 1 1 0 1 1 1 
1 0 1 1 1 1 1 1 1 1 1 1 1 1 1 1 0 1 1 1 
1 0 1 1 1 1 1 1 1 1 1 1 1 1 1 1 0 1 1 1 
0 0 0 0 0 0 0 0 0 0 0 0 0 1 0 0 0 0 0 0 
1 0 1 1 1 1 1 1 1 1 1 1 1 1 1 1 0 1 1 1 
0 0 0 0 0 0 0 0 0 0 0 0 0 0 0 1 0 0 0 0 
1 0 1 1 1 1 1 1 1 1 1 1 1 1 1 1 1 1 1 1 
1 0 1 1 1 1 1 1 1 1 1 1 1 1 1 1 0 1 1 1 
1 0 1 1 1 1 1 1 1 1 1 1 1 1 1 1 0 1 1 1 
0 0 0 0 0 0 0 0 0 0 0 0 0 1 0 0 0 0 0 1 

5 2 3 9 5 3 1 0 
6 4 4 8 8 8 8 1 
5 6 6 3 0 0 0 5 
1 5 8 5 5 8 1 2 
9 8 4 7 3 5 3 1 
7 5 0 1 3 6 1 1 
7 3 5 5 7 2 6 3 
6 3 0 3 5 7 3 6 
5 3 8 8 1 9 0 8 
1 1 3 0 3 7 6 1 
0 3 9 6 7 1 9 8 
9 4 2 7 2 5 9 1 
3 6 5 0 7 0 1 3 
2 3 8 2 0 8 0 7 
1 3 9 0 3 6 3 9 
8 4 6 3 2 1 3 9 
8 2 1 1 3 1 3 4 
3 3 8 1 9 6 3 8 
5 1 4 2 7 5 7 8 
8 4 3 8 2 4 1 8 
