20
8
3

1 0 0 0 0 0 0 0 0 0 0 0 0 0 0 0 0 0 0 0 
1 1 0 0 0 1 0 0 0 1 0 0 0 0 0 0 0 1 1 1 
1 0 1 0 0 0 0 0 0 0 0 0 0 0 0 0 0 0 1 0 
1 0 0 1 0 0 1 0 0 0 0 0 0 0 0 0 0 0 1 0 
1 0 0 0 1 0 0 0 1 0 0 0 0 0 0 0 0 0 1 0 
1 0 0 0 0 1 0 0 0 1 0 0 0 0 0 0 0 0 1 0 
1 0 0 0 0 0 1 0 0 0 0 0 0 0 0 0 0 0 1 0 
1 0 0 0 0 0 1 1 0 0 0 0 0 0 0 0 0 0 1 0 
1 0 0 0 0 0 0 0 1 0 0 0 0 0 0 0 0 0 1 0 
1 0 0 0 0 0 0 0 0 1 0 0 0 0 0 0 0 0 1 0 
1 1 0 0 0 1 0 0 0 1 1 0 0 0 0 0 0 1 1 1 
1 0 0 0 0 0 1 0 0 0 0 1 0 0 0 0 0 0 1 0 
0 0 0 0 0 0 0 0 0 0 0 0 1 0 0 0 0 0 0 0 
1 0 0 0 0 0 0 0 0 0 0 0 0 1 0 0 0 0 0 0 
1 0 0 0 0 0 1 1 1 1 0 0 0 0 1 0 0 0 1 0 
1 1 0 1 0 1 1 1 0 1 1 0 0 0 0 1 1 1 1 1 
1 1 0 0 0 1 0 0 0 1 1 0 0 0 0 0 1 1 1 1 
1 1 0 0 0 1 0 0 0 1 0 0 0 0 0 0 0 1 1 1 
1 0 0 0 0 0 0 0 0 0 0 0 0 0 0 0 0 0 1 0 
1 1 0 0 0 1 0 0 0 1 0 0 0 0 0 0 0 1 1 1 

6 8 3 5 9 7 1 7 
0 9 7 3 8 8 1 3 
5 7 0 2 5 1 0 6 
5 6 8 7 5 4 1 2 
2 6 3 8 3 8 0 1 
5 3 1 2 3 7 6 4 
5 3 6 0 0 1 0 6 
2 0 9 5 5 0 9 0 
0 3 5 0 3 7 3 1 
5 4 4 0 2 6 3 7 
9 6 3 7 9 8 6 0 
6 3 8 2 7 0 6 5 
0 4 5 5 3 2 4 5 
1 1 9 8 0 8 5 5 
2 8 1 6 6 0 4 5 
1 5 8 3 3 9 5 0 
8 9 1 1 5 4 1 3 
2 7 4 6 7 1 9 2 
2 5 3 7 4 2 0 1 
5 9 5 0 9 8 4 8 
