20
8
3

1 1 0 0 0 1 1 1 1 0 0 1 1 0 0 1 0 0 1 1 
0 1 0 0 0 0 0 0 0 0 0 0 0 0 0 0 0 0 0 0 
1 1 1 1 0 1 1 1 1 1 0 1 1 1 0 1 1 1 1 1 
1 1 0 1 0 1 1 1 1 0 0 1 1 0 0 1 0 1 1 1 
0 0 0 0 1 0 0 0 0 0 0 0 0 0 0 0 0 0 0 0 
0 0 0 0 0 1 0 0 0 0 0 0 0 0 0 0 0 0 0 0 
0 0 0 0 0 0 1 0 0 0 0 1 1 0 0 0 0 0 0 0 
1 1 0 0 0 1 1 1 1 0 0 1 1 0 0 1 0 0 1 1 
1 1 0 0 0 1 1 1 1 0 0 1 1 0 0 1 0 0 1 1 
1 1 0 1 0 1 1 1 1 1 0 1 1 0 0 1 0 1 1 1 
1 1 0 1 0 1 1 1 1 1 1 1 1 0 0 1 0 1 1 1 
0 0 0 0 0 0 0 0 0 0 0 1 1 0 0 0 0 0 0 0 
0 0 0 0 0 0 0 0 0 0 0 0 1 0 0 0 0 0 0 0 
1 1 0 1 0 1 1 1 1 1 0 1 1 1 0 1 0 1 1 1 
1 1 0 1 0 1 1 1 1 1 0 1 1 0 1 1 0 1 1 1 
0 1 0 0 0 0 1 0 0 0 0 1 1 0 0 1 0 0 0 0 
1 1 0 1 0 1 1 1 1 1 0 1 1 1 0 1 1 1 1 1 
0 0 0 0 0 0 0 0 0 0 0 0 1 0 0 0 0 1 0 0 
1 1 0 0 0 1 1 1 1 0 0 1 1 0 0 1 0 0 1 1 
1 1 0 0 0 1 1 1 1 0 0 1 1 0 0 1 0 0 1 1 

5 2 0 7 6 3 4 2 
3 4 8 9 5 9 5 6 
9 3 9 6 5 5 5 4 
4 1 6 3 9 7 0 9 
9 6 9 7 1 1 1 4 
2 4 7 1 6 0 5 3 
2 3 0 1 5 8 7 2 
7 4 1 7 2 3 2 4 
0 3 9 1 7 7 6 6 
9 6 0 7 5 4 6 9 
9 2 0 2 9 3 4 5 
6 7 1 8 3 6 7 4 
2 3 9 7 7 5 6 9 
3 7 3 2 1 5 7 9 
4 7 2 5 5 7 0 0 
8 1 5 9 5 3 2 0 
8 0 0 2 7 6 1 2 
2 1 7 0 3 7 5 8 
5 4 0 4 2 7 6 0 
8 6 2 9 8 6 8 2 
