20
8
3

1 1 1 0 1 0 0 1 1 1 0 0 1 1 1 1 1 1 1 1 
1 1 1 0 1 0 0 1 1 1 0 0 1 1 1 1 1 1 1 1 
1 1 1 0 1 0 0 1 1 1 0 0 1 1 1 1 1 1 1 1 
1 1 1 1 1 0 0 1 1 1 0 0 1 1 1 1 1 1 1 1 
1 1 1 0 1 0 0 1 1 1 0 0 1 1 1 1 1 1 1 1 
1 1 1 0 1 1 0 1 1 1 0 0 1 1 1 1 1 1 1 1 
1 1 1 1 1 0 1 1 1 1 0 0 1 1 1 1 1 1 1 1 
1 1 1 0 1 0 0 1 1 1 0 0 1 1 1 1 1 1 1 1 
1 1 1 0 1 0 0 1 1 1 0 0 1 1 1 1 1 1 1 1 
1 1 1 0 1 0 0 1 1 1 0 0 1 1 1 1 1 1 1 1 
0 0 0 0 0 0 0 0 0 0 1 0 1 0 0 0 0 0 0 0 
1 1 1 0 1 0 0 1 1 1 0 1 1 1 1 1 1 1 1 1 
0 0 0 0 0 0 0 0 0 0 0 0 1 0 0 0 0 0 0 0 
1 1 1 0 1 0 0 1 1 1 0 0 1 1 1 1 1 1 1 1 
1 1 1 0 1 0 0 1 1 1 0 0 1 1 1 1 1 1 1 1 
1 1 1 0 1 0 0 1 1 1 0 0 1 1 1 1 1 1 1 1 
0 0 0 0 0 0 0 0 0 0 0 0 1 0 0 0 1 0 0 0 
1 1 1 0 1 0 0 1 1 1 0 0 1 1 1 1 1 1 1 1 
1 1 1 0 1 0 0 1 1 1 0 0 1 1 1 1 1 1 1 1 
1 1 1 0 1 0 0 1 1 1 0 0 1 1 1 1 1 1 1 1 

6 5 1 4 6 3 7 1 
9 3 5 0 9 0 2 4 
9 3 3 7 2 3 8 3 
7 5 6 1 6 5 9 8 
0 8 1 6 5 4 4 6 
8 7 8 6 2 4 8 0 
7 4 8 7 0 2 5 7 
8 0 9 6 2 7 3 8 
6 2 5 2 7 0 4 6 
6 3 1 6 5 0 1 8 
2 9 7 3 1 8 0 5 
7 7 6 4 2 9 7 3 
5 5 5 8 3 6 1 8 
3 6 7 3 9 4 2 7 
9 5 6 6 2 9 5 9 
1 4 0 2 5 0 3 0 
6 6 7 1 2 2 3 5 
3 7 7 4 3 6 3 3 
5 2 1 0 0 2 5 1 
6 8 6 0 8 2 2 8 
