20
8
3

1 0 0 0 0 0 0 0 0 0 0 0 0 0 0 0 0 0 0 0 
0 1 1 1 1 1 0 1 1 1 1 1 1 1 1 1 0 1 1 1 
0 1 1 1 1 1 0 1 1 1 1 1 1 1 1 1 0 1 1 1 
0 1 1 1 1 1 0 1 1 1 1 1 1 1 1 1 0 1 1 1 
0 1 1 1 1 1 0 1 1 1 1 1 1 1 1 1 0 1 1 1 
0 1 1 1 1 1 0 1 1 1 1 1 1 1 1 1 0 1 1 1 
0 0 0 0 0 0 1 0 0 0 0 1 0 0 0 0 0 1 0 0 
0 0 0 0 0 0 0 1 1 0 0 1 0 0 0 0 0 1 0 0 
0 0 0 0 0 0 0 0 1 0 0 0 0 0 0 0 0 0 0 0 
0 1 1 1 1 1 0 1 1 1 1 1 1 1 1 1 0 1 1 1 
0 0 0 0 0 0 0 0 0 0 1 0 0 0 0 0 0 0 0 0 
0 0 0 0 0 0 0 0 0 0 0 1 0 0 0 0 0 1 0 0 
0 0 0 0 0 0 0 0 1 0 0 0 1 0 0 0 0 0 0 0 
0 1 1 1 1 1 0 1 1 1 1 1 1 1 1 1 0 1 1 1 
0 1 1 1 1 1 0 1 1 1 1 1 1 1 1 1 0 1 1 1 
0 1 1 1 1 1 0 1 1 1 1 1 1 1 1 1 0 1 1 1 
0 1 1 1 1 1 0 1 1 1 1 1 1 1 1 1 1 1 1 1 
0 0 0 0 0 0 0 0 0 0 0 0 0 0 0 0 0 1 0 0 
0 1 1 1 1 1 0 1 1 1 1 1 1 1 1 1 0 1 1 1 
0 1 1 1 1 1 0 1 1 1 1 1 1 1 1 1 0 1 1 1 

4 1 2 1 2 1 5 4 
7 6 6 5 4 5 4 8 
9 9 0 2 7 3 6 3 
6 6 2 5 5 6 9 0 
8 6 3 8 1 8 5 8 
8 4 2 3 0 5 5 5 
4 0 0 8 5 1 1 4 
1 4 5 3 1 1 3 0 
5 4 7 3 2 2 8 0 
0 0 6 7 6 4 9 7 
3 8 4 1 2 9 0 3 
4 6 3 9 4 9 6 8 
4 2 8 0 7 5 3 1 
9 1 3 7 3 0 4 9 
6 5 1 2 9 1 9 3 
5 1 3 7 5 5 0 3 
5 5 5 1 0 8 3 2 
3 3 3 8 6 0 4 8 
5 3 9 0 3 5 9 9 
0 9 9 6 1 3 5 0 
