20
8
3

1 0 1 1 0 1 1 0 0 1 1 1 1 1 0 0 0 1 0 1 
1 1 1 1 0 1 1 0 0 1 1 1 1 1 0 0 1 1 0 1 
0 0 1 1 0 1 1 0 0 1 0 1 1 1 0 0 0 0 0 1 
0 0 0 1 0 0 0 0 0 0 0 0 0 0 0 0 0 0 0 0 
0 0 0 1 1 1 1 1 0 1 0 1 1 1 0 0 0 0 1 1 
0 0 0 1 0 1 1 0 0 1 0 1 1 1 0 0 0 0 0 1 
0 0 0 1 0 1 1 0 0 1 0 1 1 1 0 0 0 0 0 1 
0 0 0 1 0 1 1 1 0 1 0 1 1 1 0 0 0 0 0 1 
1 0 1 1 0 1 1 0 1 1 1 1 1 1 0 0 0 1 1 1 
0 0 0 1 0 1 1 0 0 1 0 1 1 1 0 0 0 0 0 1 
0 0 0 1 0 1 1 0 0 1 1 1 1 1 0 0 0 1 0 1 
0 0 0 1 0 1 1 0 0 1 0 1 1 1 0 0 0 0 0 1 
0 0 0 0 0 0 0 0 0 0 0 0 1 0 0 0 0 0 0 0 
0 0 0 1 0 1 1 0 0 1 0 1 1 1 0 0 0 0 0 1 
1 0 1 1 0 1 1 0 1 1 1 1 1 1 1 0 0 1 1 1 
0 0 0 0 0 0 0 0 0 0 0 0 0 0 0 1 0 0 0 0 
1 0 1 1 0 1 1 0 0 1 1 1 1 1 0 0 1 1 0 1 
0 0 0 1 0 1 1 0 0 1 0 1 1 1 0 0 0 1 0 1 
0 0 0 0 0 0 0 0 0 0 0 0 0 0 0 0 0 0 1 0 
0 0 0 1 0 1 1 0 0 1 0 1 1 1 0 0 0 0 0 1 

9 1 7 3 8 8 7 7 
4 2 6 5 9 2 3 6 
9 2 2 8 5 6 7 0 
2 1 8 2 9 3 0 8 
5 8 0 5 0 1 4 0 
1 8 9 4 4 8 1 3 
0 0 9 6 8 3 4 2 
3 8 0 9 1 9 8 1 
3 8 8 2 9 7 7 8 
3 1 1 8 2 8 5 4 
3 5 4 4 6 1 4 9 
7 0 7 2 0 8 8 6 
2 9 2 9 9 2 2 0 
2 1 3 9 4 0 2 4 
9 3 0 0 9 9 2 1 
1 6 5 8 6 5 1 9 
2 1 1 9 1 8 2 7 
0 9 6 9 1 3 6 9 
4 7 3 4 1 9 6 4 
5 6 6 4 2 9 7 5 
