20
8
3

1 1 0 1 0 0 0 0 0 0 0 0 0 0 0 0 1 0 0 0 
0 1 0 0 0 0 0 0 0 0 0 0 0 0 0 0 1 0 0 0 
0 0 1 0 0 0 0 0 0 0 0 0 0 0 0 0 0 0 0 0 
0 1 0 1 0 0 0 0 0 0 0 0 0 0 0 0 1 0 0 0 
0 1 0 1 1 0 0 0 0 0 0 1 1 1 1 0 1 0 1 1 
1 1 1 1 1 1 0 0 0 0 0 1 1 1 1 0 1 0 1 1 
0 1 0 1 1 0 1 0 0 0 0 1 1 1 1 0 1 0 1 1 
0 0 0 0 0 0 0 1 0 0 0 1 1 0 0 0 0 0 0 0 
0 1 0 1 1 0 0 0 1 0 0 1 1 1 1 0 1 0 1 1 
0 1 0 0 0 0 0 0 0 1 0 1 0 0 0 0 1 0 0 0 
0 1 0 1 1 0 0 0 1 0 1 1 1 1 1 0 1 1 1 1 
0 0 0 0 0 0 0 0 0 0 0 1 0 0 0 0 0 0 0 0 
0 0 0 0 0 0 0 0 0 0 0 1 1 0 0 0 0 0 0 0 
0 1 0 1 1 0 0 0 0 0 0 1 1 1 1 0 1 0 1 1 
0 1 0 1 1 0 0 0 0 0 0 1 1 1 1 0 1 0 1 1 
0 0 0 0 0 0 0 0 0 0 0 0 0 0 0 1 0 0 0 0 
0 0 0 0 0 0 0 0 0 0 0 0 0 0 0 0 1 0 0 0 
0 1 0 1 1 0 0 0 0 0 0 1 1 1 1 0 1 1 1 1 
0 1 0 1 1 0 0 0 0 0 0 1 1 1 1 0 1 0 1 1 
0 1 0 1 1 0 0 0 0 0 0 1 1 1 1 0 1 0 1 1 

5 5 2 8 1 2 8 5 
6 3 0 7 3 5 4 5 
5 8 9 3 8 1 6 8 
6 4 6 1 4 9 4 6 
6 0 5 6 0 9 1 5 
3 8 9 7 8 7 8 3 
6 0 2 4 2 7 7 7 
4 8 3 5 5 1 4 8 
7 1 3 2 7 1 9 1 
6 4 1 3 1 1 2 1 
6 6 6 8 7 9 9 7 
8 4 2 0 2 8 2 2 
8 6 5 0 3 6 9 0 
5 3 1 3 6 7 2 1 
1 8 1 0 7 4 9 4 
0 0 1 5 9 7 1 0 
1 3 3 5 2 0 9 7 
0 0 8 8 7 8 9 8 
9 8 6 5 8 5 8 3 
8 9 5 8 0 6 2 2 
