20
8
3

1 1 1 0 0 1 0 1 0 0 0 1 0 0 1 0 1 0 1 0 
1 1 1 0 0 1 0 1 0 0 0 1 0 0 1 0 1 0 1 0 
1 1 1 0 0 1 0 1 0 0 0 1 0 0 1 0 1 0 1 0 
0 0 0 1 0 0 0 0 0 0 0 0 0 0 0 0 0 0 0 0 
0 0 0 1 1 0 1 0 1 0 1 0 0 0 0 0 0 1 0 1 
1 1 1 0 0 1 0 1 0 0 0 1 0 0 1 0 1 0 1 0 
0 0 0 0 0 0 1 0 0 0 0 0 0 0 0 0 0 0 0 0 
1 1 1 0 0 1 0 1 0 0 0 1 0 0 1 0 1 0 1 0 
0 0 0 1 1 0 1 0 1 0 1 0 0 0 0 0 0 1 0 1 
1 1 1 0 0 1 0 1 0 1 0 1 0 0 1 0 1 0 1 0 
0 0 0 1 1 0 1 0 1 0 1 0 0 0 0 0 0 1 0 1 
1 1 1 0 0 1 0 1 0 0 0 1 0 0 1 0 1 0 1 0 
0 0 0 0 0 0 0 0 0 0 0 0 1 0 0 0 0 0 0 0 
0 0 0 0 0 0 1 0 0 0 0 0 0 1 0 0 0 1 0 0 
1 1 1 0 0 1 0 1 0 0 0 1 0 0 1 0 1 0 1 0 
0 0 0 0 0 0 0 0 0 0 0 0 0 0 0 1 0 0 0 0 
1 1 1 0 0 1 0 1 0 0 0 1 0 0 1 0 1 0 1 0 
0 0 0 0 0 0 1 0 0 0 0 0 0 0 0 0 0 1 0 0 
1 1 1 0 0 1 0 1 0 0 0 1 0 0 1 0 1 0 1 0 
0 0 0 0 0 0 1 0 0 0 0 0 0 0 0 0 0 1 0 1 

2 5 5 2 3 3 4 6 
5 9 2 7 9 1 4 5 
7 8 5 2 0 2 6 9 
6 8 5 3 6 4 2 0 
7 8 6 3 2 3 2 2 
7 2 1 3 8 4 2 8 
0 7 3 8 9 3 2 8 
6 0 8 5 6 4 3 0 
7 3 8 6 1 3 0 6 
0 6 8 7 6 1 6 4 
9 6 8 6 3 4 8 9 
0 2 2 6 0 1 0 2 
9 8 7 0 2 0 8 7 
7 9 3 9 6 4 4 7 
2 0 9 5 8 7 8 0 
6 5 2 9 3 4 8 3 
1 5 8 5 9 9 6 2 
3 5 9 8 1 9 6 9 
5 8 8 0 5 0 9 0 
0 1 7 6 4 8 8 5 
