20
8
3

1 1 1 1 0 1 0 1 0 1 0 1 1 1 0 1 0 1 1 1 
0 1 0 1 0 0 0 0 0 0 0 0 0 1 0 0 0 0 0 0 
0 1 1 1 0 1 0 1 0 1 0 1 1 1 0 1 0 1 1 1 
0 0 0 1 0 0 0 0 0 0 0 0 0 0 0 0 0 0 0 0 
0 0 0 0 1 1 0 1 0 1 1 1 0 0 1 0 1 0 0 1 
0 0 0 0 0 1 0 0 0 0 0 0 0 0 0 0 0 0 0 1 
0 0 0 0 1 1 1 1 0 1 1 1 0 0 1 0 1 0 0 1 
0 0 0 0 0 1 0 1 0 0 0 0 0 0 0 0 0 0 0 1 
1 1 1 1 0 1 0 1 1 1 0 1 1 1 0 1 0 1 1 1 
0 0 0 0 0 1 0 1 0 1 0 0 0 0 0 0 0 0 0 1 
0 0 0 0 0 0 0 0 0 0 1 0 0 0 0 0 0 0 0 0 
0 0 0 0 0 0 0 0 0 0 0 1 0 0 0 0 0 0 0 0 
0 1 1 1 0 1 0 1 0 1 0 1 1 1 0 1 0 1 1 1 
0 0 0 1 0 0 0 0 0 0 0 0 0 1 0 0 0 0 0 0 
0 0 0 0 0 1 0 1 0 1 0 1 0 0 1 0 0 0 0 1 
0 1 1 1 0 1 0 1 0 1 0 1 1 1 0 1 0 1 1 1 
0 0 0 0 0 1 0 1 0 1 1 1 0 0 1 0 1 0 0 1 
0 1 1 1 0 1 0 1 0 1 0 1 1 1 0 1 0 1 1 1 
0 1 1 1 0 1 0 1 0 1 0 1 1 1 0 1 0 1 1 1 
0 0 0 0 0 0 0 0 0 0 0 0 0 0 0 0 0 0 0 1 

9 1 3 2 9 5 0 4 
5 6 7 8 3 3 8 5 
1 8 3 8 3 0 0 8 
1 6 5 0 0 5 5 5 
7 4 8 5 9 5 0 9 
7 1 9 5 2 4 9 3 
3 4 4 6 9 7 6 1 
7 0 7 9 2 7 2 3 
3 2 8 6 4 1 3 9 
5 0 5 1 3 9 5 0 
3 3 6 4 7 8 3 1 
6 8 4 0 5 2 3 8 
3 6 6 3 1 0 4 1 
0 2 2 3 7 1 2 7 
8 4 7 2 0 6 7 1 
6 9 6 7 0 6 3 8 
4 1 5 3 4 0 9 9 
2 2 5 2 5 0 0 6 
8 3 4 8 8 0 5 6 
6 3 0 8 3 9 2 6 
