20
8
3

1 0 0 0 0 0 0 0 0 0 0 0 0 0 0 0 0 0 0 0 
1 1 1 1 0 1 1 1 1 1 0 1 1 1 1 1 1 1 0 1 
1 1 1 1 0 1 1 1 1 1 0 1 1 1 1 1 1 1 0 1 
1 1 1 1 0 1 1 1 1 1 0 1 1 1 1 1 1 1 0 1 
1 1 1 1 1 1 1 1 1 1 0 1 1 1 1 1 1 1 0 1 
1 1 1 1 0 1 1 1 1 1 0 1 1 1 1 1 1 1 0 1 
1 1 1 1 0 1 1 1 1 1 0 1 1 1 1 1 1 1 0 1 
1 1 1 1 0 1 1 1 1 1 0 1 1 1 1 1 1 1 0 1 
1 1 1 1 0 1 1 1 1 1 0 1 1 1 1 1 1 1 0 1 
1 1 1 1 0 1 1 1 1 1 0 1 1 1 1 1 1 1 0 1 
1 1 1 1 0 1 1 1 1 1 1 1 1 1 1 1 1 1 0 1 
1 1 1 1 0 1 1 1 1 1 0 1 1 1 1 1 1 1 0 1 
0 0 0 0 0 0 0 0 0 0 0 0 1 0 0 0 0 0 0 0 
1 1 1 1 0 1 1 1 1 1 0 1 1 1 1 1 1 1 0 1 
1 1 1 1 0 1 1 1 1 1 0 1 1 1 1 1 1 1 0 1 
1 1 1 1 0 1 1 1 1 1 0 1 1 1 1 1 1 1 0 1 
1 1 1 1 0 1 1 1 1 1 0 1 1 1 1 1 1 1 0 1 
1 1 1 1 0 1 1 1 1 1 0 1 1 1 1 1 1 1 0 1 
1 1 1 1 0 1 1 1 1 1 0 1 1 1 1 1 1 1 1 1 
1 1 1 1 0 1 1 1 1 1 0 1 1 1 1 1 1 1 0 1 

1 0 4 0 9 6 7 2 
0 3 3 0 4 1 4 7 
7 3 2 1 0 4 6 6 
8 6 0 7 1 1 5 6 
2 3 8 6 6 0 2 4 
5 7 0 7 9 8 6 6 
7 4 4 3 6 2 8 7 
9 4 8 3 9 9 7 7 
5 7 7 5 2 1 8 4 
8 7 7 1 7 5 7 5 
9 5 9 8 7 3 8 7 
3 7 2 0 4 7 4 0 
7 6 6 4 7 8 4 2 
9 7 9 4 4 7 0 7 
1 2 7 6 3 0 9 2 
0 3 6 5 7 5 6 0 
6 6 3 8 9 7 4 6 
0 6 8 8 8 9 2 6 
5 7 5 3 0 7 6 6 
4 0 9 9 6 5 8 8 
