20
8
3

1 1 0 0 0 1 1 1 0 1 1 0 0 0 1 1 1 0 1 1 
0 1 0 0 0 1 1 1 0 1 0 0 0 0 1 0 1 0 1 1 
0 1 1 0 0 1 1 1 0 1 0 0 0 0 1 0 1 0 1 1 
0 0 0 1 0 0 0 0 0 0 0 0 0 0 0 0 0 0 0 0 
0 1 1 0 1 1 1 1 0 1 0 0 0 0 1 0 1 0 1 1 
0 0 0 0 0 1 0 0 0 1 0 0 0 0 0 0 1 0 0 0 
0 0 0 0 0 0 1 0 0 1 0 0 0 0 0 0 1 0 1 1 
0 1 0 0 0 1 1 1 0 1 0 0 0 0 1 0 1 0 1 1 
0 1 1 0 1 1 1 1 1 1 0 0 0 0 1 0 1 0 1 1 
0 0 0 0 0 0 0 0 0 1 0 0 0 0 0 0 1 0 0 0 
0 1 0 0 0 1 1 1 0 1 1 0 0 0 1 1 1 0 1 1 
0 1 1 0 1 1 1 1 0 1 0 1 0 0 1 0 1 1 1 1 
0 0 0 0 0 0 0 0 0 0 0 0 1 0 0 0 0 0 0 0 
0 0 0 0 0 0 0 0 0 0 0 0 0 1 0 0 0 0 0 0 
0 1 0 0 0 1 1 1 0 1 0 0 0 0 1 0 1 0 1 1 
0 1 0 0 0 1 1 1 0 1 0 0 0 0 1 1 1 0 1 1 
0 0 0 0 0 0 0 0 0 1 0 0 0 0 0 0 1 0 0 0 
0 0 0 0 0 0 0 0 0 1 0 0 0 0 0 0 1 1 0 1 
0 0 0 0 0 0 1 0 0 1 0 0 0 0 0 0 1 0 1 1 
0 0 0 0 0 0 0 0 0 1 0 0 0 0 0 0 1 0 0 1 

4 0 0 7 9 4 9 0 
9 4 0 7 1 2 1 4 
6 2 1 4 9 6 6 9 
1 9 2 2 2 8 3 1 
0 3 9 5 0 8 5 7 
5 6 6 3 1 1 8 7 
0 2 1 1 9 5 7 0 
8 6 8 9 0 3 5 8 
7 8 7 7 0 7 5 8 
9 8 0 0 8 8 1 4 
0 1 8 9 6 2 3 0 
5 8 7 9 4 6 3 5 
3 0 4 9 4 9 7 8 
3 3 6 9 6 0 9 9 
0 5 4 9 4 0 3 4 
3 5 4 3 0 9 6 7 
7 4 8 5 6 3 1 5 
6 4 7 9 9 5 3 6 
7 9 4 9 9 2 1 1 
7 7 4 3 3 4 5 0 
