20
8
3

1 1 0 1 1 1 1 1 1 1 0 1 1 1 1 1 1 1 1 1 
1 1 0 1 1 1 1 1 1 1 0 1 1 1 1 1 1 1 1 1 
0 0 1 0 0 0 0 0 0 0 1 0 0 0 1 0 0 0 0 0 
1 1 0 1 1 1 1 1 1 1 0 1 1 1 1 1 1 1 1 1 
1 1 0 1 1 1 1 1 1 1 0 1 1 1 1 1 1 1 1 1 
1 1 0 1 1 1 1 1 1 1 0 1 1 1 1 1 1 1 1 1 
1 1 0 1 1 1 1 1 1 1 0 1 1 1 1 1 1 1 1 1 
1 1 0 1 1 1 1 1 1 1 0 1 1 1 1 1 1 1 1 1 
1 1 0 1 1 1 1 1 1 1 0 1 1 1 1 1 1 1 1 1 
1 1 0 1 1 1 1 1 1 1 0 1 1 1 1 1 1 1 1 1 
0 0 0 0 0 0 0 0 0 0 1 0 0 0 1 0 0 0 0 0 
1 1 0 1 1 1 1 1 1 1 0 1 1 1 1 1 1 1 1 1 
0 0 0 0 0 0 0 0 0 0 0 0 1 0 0 0 0 0 0 0 
1 1 0 1 1 1 1 1 1 1 0 1 1 1 1 1 1 1 1 1 
0 0 0 0 0 0 0 0 0 0 0 0 0 0 1 0 0 0 0 0 
0 0 0 0 0 0 0 0 0 0 0 0 0 0 0 1 0 0 0 0 
1 1 0 1 1 1 1 1 1 1 0 1 1 1 1 1 1 1 1 1 
1 1 0 1 1 1 1 1 1 1 0 1 1 1 1 1 1 1 1 1 
1 1 0 1 1 1 1 1 1 1 0 1 1 1 1 1 1 1 1 1 
1 1 0 1 1 1 1 1 1 1 0 1 1 1 1 1 1 1 1 1 

3 2 4 8 0 7 0 8 
6 1 5 2 5 6 5 9 
4 8 7 4 0 4 6 8 
0 4 8 9 2 4 8 4 
9 8 7 6 0 2 9 3 
7 6 5 8 2 4 7 4 
0 8 6 4 6 1 5 6 
1 9 7 3 2 2 5 3 
2 4 0 5 8 6 5 8 
6 6 6 5 1 8 4 1 
8 4 8 7 3 1 3 1 
2 6 2 4 9 8 7 5 
2 2 9 3 4 4 1 6 
3 6 5 0 8 5 4 6 
0 1 7 8 5 1 4 0 
2 0 8 6 6 2 9 5 
8 9 7 5 1 5 7 2 
4 2 2 2 8 7 8 2 
1 1 6 1 0 4 2 1 
3 2 9 2 7 4 5 6 
