20
8
3

1 1 0 0 0 1 0 1 0 0 1 0 1 0 0 0 1 0 0 0 
0 1 0 0 0 0 0 0 0 0 0 0 1 0 0 0 1 0 0 0 
0 1 1 1 1 1 0 1 0 0 0 0 1 1 0 0 1 1 0 0 
0 1 0 1 1 1 0 1 0 0 0 0 1 0 0 0 1 0 0 0 
0 1 0 0 1 1 0 1 0 0 0 0 1 0 0 0 1 0 0 0 
0 1 0 0 0 1 0 0 0 0 0 0 1 0 0 0 1 0 0 0 
0 1 1 1 1 1 1 1 0 1 1 1 1 1 1 1 1 1 0 0 
0 0 0 0 0 0 0 1 0 0 0 0 0 0 0 0 0 0 0 0 
0 1 1 1 1 1 0 1 1 1 1 1 1 1 1 1 1 1 0 0 
0 1 1 1 1 1 0 1 0 1 1 1 1 1 1 1 1 1 0 0 
0 0 0 0 0 0 0 0 0 0 1 0 0 0 0 0 0 0 0 0 
0 1 1 1 1 1 0 1 0 1 1 1 1 1 1 1 1 1 0 0 
0 0 0 0 0 0 0 0 0 0 0 0 1 0 0 0 1 0 0 0 
0 1 1 1 1 1 0 1 0 0 0 0 1 1 0 0 1 1 0 0 
0 1 1 1 1 1 0 1 0 1 1 1 1 1 1 1 1 1 0 0 
0 1 1 1 1 1 0 1 0 1 1 1 1 1 1 1 1 1 0 0 
0 0 0 0 0 0 0 0 0 0 0 0 0 0 0 0 1 0 0 0 
0 0 0 0 0 0 0 0 0 0 0 0 0 0 0 0 1 1 0 0 
0 1 1 1 1 1 0 1 0 1 1 1 1 1 1 1 1 1 1 0 
0 1 1 1 1 1 1 1 0 1 1 1 1 1 1 1 1 1 0 1 

8 3 9 3 5 2 9 1 
4 4 8 9 0 6 8 9 
9 3 4 0 0 4 2 9 
1 8 3 1 5 7 8 4 
9 3 5 1 1 5 3 8 
8 6 9 1 4 8 8 5 
2 7 9 4 8 7 5 5 
5 3 0 4 5 5 6 5 
9 7 7 9 9 8 4 0 
5 4 6 3 3 4 1 3 
2 3 0 6 8 0 3 1 
6 0 3 5 1 8 2 7 
0 7 3 2 6 2 9 2 
8 5 1 9 8 7 1 9 
5 2 7 2 6 8 4 2 
4 1 4 0 8 3 1 6 
4 2 2 9 9 1 3 8 
6 2 8 1 6 4 8 6 
1 2 2 2 4 4 6 1 
7 4 0 0 8 2 3 0 
