20
8
3

1 1 1 0 1 1 1 0 0 1 1 1 0 1 0 1 1 1 1 1 
1 1 1 0 1 1 1 0 0 1 1 1 0 1 0 1 1 1 1 1 
0 0 1 0 0 0 0 0 0 0 0 0 0 0 0 0 0 0 0 0 
1 1 1 1 1 1 1 0 0 1 1 1 0 1 1 1 1 1 1 1 
1 1 1 0 1 1 1 0 0 1 1 1 0 1 0 1 1 1 1 1 
1 1 1 0 1 1 1 0 0 1 1 1 0 1 0 1 1 1 1 1 
0 0 0 0 0 0 1 0 0 0 0 0 0 0 0 0 0 0 0 0 
1 1 1 0 1 1 1 1 0 1 1 1 0 1 0 1 1 1 1 1 
0 0 0 0 0 0 0 0 1 0 0 0 0 0 0 0 0 0 0 0 
1 1 1 0 1 1 1 0 0 1 1 1 0 1 0 1 1 1 1 1 
1 1 1 0 1 1 1 0 0 1 1 1 0 1 0 1 1 1 1 1 
1 1 1 0 1 1 1 0 0 1 1 1 0 1 0 1 1 1 1 1 
0 0 0 0 0 0 0 0 0 0 0 0 1 0 0 0 0 0 0 0 
1 1 1 0 1 1 1 0 0 1 1 1 0 1 0 1 1 1 1 1 
1 1 1 0 1 1 1 0 0 1 1 1 0 1 1 1 1 1 1 1 
0 0 0 0 0 0 0 0 0 0 0 0 0 0 0 1 0 0 0 0 
1 1 1 0 1 1 1 0 0 1 1 1 0 1 0 1 1 1 1 1 
1 1 1 0 1 1 1 0 0 1 1 1 0 1 0 1 1 1 1 1 
1 1 1 0 1 1 1 0 0 1 1 1 0 1 0 1 1 1 1 1 
1 1 1 0 1 1 1 0 0 1 1 1 0 1 0 1 1 1 1 1 

3 9 0 5 7 3 3 6 
4 0 0 1 2 8 6 3 
1 3 0 0 9 9 7 4 
9 8 3 5 2 4 8 5 
1 0 8 0 2 2 7 6 
5 0 3 9 5 9 3 7 
6 6 4 0 8 7 6 2 
3 3 1 7 3 3 6 3 
3 4 9 0 4 2 9 8 
9 3 3 4 8 6 7 5 
2 1 5 6 9 3 0 9 
2 2 0 4 5 3 1 3 
4 6 5 9 1 2 1 7 
0 7 5 3 4 7 8 7 
1 5 8 1 4 6 8 0 
1 1 6 6 6 1 6 1 
9 9 3 7 6 8 3 0 
5 1 3 8 4 0 9 6 
1 8 7 9 2 8 2 2 
7 4 5 6 0 3 9 8 
