20
8
3

1 0 1 1 1 0 1 1 1 1 1 0 0 1 0 1 0 0 1 0 
0 1 1 1 1 0 1 1 1 1 1 0 0 1 0 1 0 0 1 0 
0 0 1 1 1 0 1 1 1 1 1 0 0 1 0 1 0 0 1 0 
0 0 1 1 1 0 1 1 1 1 1 0 0 1 0 1 0 0 1 0 
0 0 1 1 1 0 1 1 1 1 1 0 0 1 0 1 0 0 1 0 
1 0 1 1 1 1 1 1 1 1 1 0 0 1 0 1 0 0 1 0 
0 0 1 1 1 0 1 1 1 1 1 0 0 1 0 1 0 0 1 0 
0 0 1 1 1 0 1 1 1 1 1 0 0 1 0 1 0 0 1 0 
0 0 1 1 1 0 1 1 1 1 1 0 0 1 0 1 0 0 1 0 
0 0 1 1 1 0 1 1 1 1 1 0 0 1 0 1 0 0 1 0 
0 0 1 1 1 0 1 1 1 1 1 0 0 1 0 1 0 0 1 0 
0 0 1 1 1 0 1 1 1 1 1 1 0 1 0 1 0 0 1 0 
0 0 1 1 1 0 1 1 1 1 1 0 1 1 0 1 0 0 1 0 
0 0 1 1 1 0 1 1 1 1 1 0 0 1 0 1 0 0 1 0 
0 0 0 0 0 0 0 0 0 0 0 0 0 0 1 0 0 0 0 0 
0 0 1 1 1 0 1 1 1 1 1 0 0 1 0 1 0 0 1 0 
0 0 0 0 0 0 0 0 0 0 0 0 0 0 0 0 1 0 0 0 
1 0 1 1 1 1 1 1 1 1 1 1 0 1 1 1 0 1 1 1 
0 0 1 1 1 0 1 1 1 1 1 0 0 1 0 1 0 0 1 0 
0 0 1 1 1 0 1 1 1 1 1 1 0 1 0 1 0 0 1 1 

3 7 3 8 9 8 3 5 
4 1 7 0 8 4 1 0 
1 6 0 5 1 6 2 0 
8 6 3 2 4 1 0 4 
6 3 6 4 4 8 8 8 
7 1 2 8 6 1 1 0 
2 6 1 0 9 1 2 2 
9 0 9 2 6 7 8 3 
1 8 3 8 0 9 2 5 
7 8 1 1 5 6 6 3 
3 4 4 3 2 0 0 3 
7 5 7 1 2 7 9 0 
1 6 5 6 0 3 4 3 
9 6 0 8 8 7 3 6 
5 8 6 5 0 5 5 9 
3 9 2 4 4 1 3 0 
2 3 8 7 8 8 8 8 
6 8 1 7 4 3 9 1 
5 5 4 2 7 8 1 9 
3 8 9 0 4 7 0 6 
