20
8
3

1 0 0 0 0 0 0 0 0 0 0 0 0 0 0 0 0 0 0 0 
0 1 1 0 0 0 1 1 1 0 1 1 0 0 0 1 0 1 1 0 
0 1 1 0 0 0 1 1 1 0 1 1 0 0 0 1 0 1 1 0 
0 1 1 1 1 0 1 1 1 1 1 1 0 0 0 1 1 1 1 1 
0 1 1 1 1 0 1 1 1 1 1 1 0 0 0 1 1 1 1 1 
0 1 1 1 1 1 1 1 1 1 1 1 0 1 0 1 1 1 1 1 
0 1 1 0 0 0 1 1 1 0 1 1 0 0 0 1 0 1 1 0 
0 1 1 0 0 0 1 1 1 0 1 1 0 0 0 1 0 1 1 0 
0 0 0 0 0 0 0 0 1 0 0 0 0 0 0 0 0 0 0 0 
0 1 1 1 1 0 1 1 1 1 1 1 0 0 0 1 1 1 1 1 
0 0 0 0 0 0 0 0 0 0 1 0 0 0 0 0 0 0 0 0 
0 1 1 0 0 0 1 1 1 0 1 1 0 0 0 1 0 1 1 0 
0 0 0 0 0 0 0 0 0 0 0 0 1 0 0 0 0 0 0 0 
0 0 0 0 0 0 0 0 0 0 0 0 0 1 0 0 0 0 0 0 
0 0 0 0 0 0 0 0 0 0 0 0 0 0 1 0 0 0 0 0 
0 1 1 0 0 0 1 1 1 0 1 1 0 0 0 1 0 1 1 0 
0 1 1 1 1 0 1 1 1 1 1 1 0 0 0 1 1 1 1 1 
0 0 0 0 0 0 0 0 0 0 0 0 0 0 0 0 0 1 0 0 
0 1 1 0 0 0 1 1 1 0 1 1 0 0 0 1 0 1 1 0 
0 1 1 1 1 0 1 1 1 1 1 1 0 0 0 1 1 1 1 1 

5 8 9 2 5 4 4 9 
2 3 1 0 5 6 6 3 
8 4 5 9 0 0 8 7 
7 7 7 2 9 3 9 2 
0 6 8 3 1 8 5 1 
4 3 9 6 2 9 6 0 
2 4 7 9 2 4 0 7 
5 2 8 9 6 3 7 1 
4 6 9 9 2 0 7 8 
8 9 5 5 2 8 5 2 
9 8 2 7 0 9 0 8 
4 0 2 2 0 6 3 2 
4 2 9 6 5 7 4 3 
8 7 5 9 7 9 1 8 
0 4 3 5 4 9 0 3 
4 0 9 0 6 5 2 0 
3 1 5 9 8 3 8 6 
1 4 6 5 6 1 8 9 
3 3 7 3 6 5 3 8 
5 8 4 4 9 4 5 4 
