20
8
3

1 0 0 0 0 0 0 0 0 0 0 0 0 0 0 0 0 0 0 0 
0 1 0 0 0 0 0 0 0 0 0 0 0 0 0 0 0 0 0 0 
0 0 1 0 0 0 0 0 0 0 0 0 0 0 0 0 0 0 0 0 
0 1 0 1 0 1 1 1 0 0 1 0 0 1 0 1 1 0 0 1 
0 1 0 1 1 1 1 1 1 1 1 0 0 1 0 1 1 0 0 1 
0 1 0 1 0 1 1 1 0 0 1 0 0 1 0 1 1 0 0 1 
0 1 0 1 0 1 1 1 0 0 1 0 0 1 0 1 1 0 0 1 
0 0 0 0 0 0 0 1 0 0 0 0 0 0 0 0 1 0 0 0 
0 0 0 0 0 0 0 0 1 0 0 0 0 0 0 0 0 0 0 0 
0 1 0 1 0 1 1 1 1 1 1 0 0 1 0 1 1 0 0 1 
0 1 0 1 0 1 1 1 0 0 1 0 0 1 0 1 1 0 0 1 
0 0 0 0 0 0 0 0 0 0 0 1 0 0 0 0 0 0 0 0 
0 1 0 1 0 1 1 1 0 0 1 0 1 1 0 1 1 0 0 1 
0 1 0 1 0 1 1 1 0 0 1 0 0 1 0 1 1 0 0 1 
0 0 0 0 0 0 0 0 0 0 0 1 0 0 1 0 0 0 0 0 
0 0 0 0 0 0 0 0 0 0 0 0 0 0 0 1 0 0 0 0 
0 0 0 0 0 0 0 0 0 0 0 0 0 0 0 0 1 0 0 0 
0 1 0 1 0 1 1 1 0 0 1 0 0 1 0 1 1 1 0 1 
0 0 0 0 0 0 0 0 0 0 0 0 0 0 0 0 0 0 1 0 
0 1 0 1 0 1 1 1 0 0 1 0 0 1 0 1 1 0 0 1 

3 3 4 9 5 1 2 0 
2 6 2 5 7 1 6 0 
8 5 0 3 1 1 8 3 
9 0 9 2 4 7 8 8 
2 6 5 1 4 8 8 8 
1 7 8 0 7 1 2 6 
0 7 1 4 6 6 8 6 
8 2 2 7 4 9 8 0 
8 4 4 6 7 7 2 1 
3 2 2 7 6 2 3 7 
9 2 3 6 7 0 3 5 
2 7 1 7 3 6 2 8 
5 0 9 9 6 6 6 0 
4 1 5 8 1 5 1 2 
5 2 2 0 7 9 4 2 
1 8 9 0 1 6 0 1 
6 0 3 1 8 5 5 2 
5 0 2 6 8 1 9 5 
9 3 7 1 9 3 8 5 
1 5 8 9 1 5 9 2 
