20
8
3

1 0 0 0 1 0 0 0 0 0 0 1 1 0 0 0 0 0 1 1 
0 1 0 0 0 0 0 0 0 0 0 0 0 0 0 0 0 0 0 0 
0 0 1 0 1 0 0 0 0 0 0 1 0 0 0 0 0 0 1 0 
1 0 0 1 1 0 0 0 0 0 0 1 1 0 0 0 0 0 1 1 
0 0 0 0 1 0 0 0 0 0 0 1 0 0 0 0 0 0 0 0 
1 0 0 1 1 1 0 0 1 1 0 1 1 0 0 0 0 1 1 1 
0 0 0 0 1 0 1 0 0 0 0 1 0 0 0 0 0 0 0 0 
1 0 0 1 1 0 0 1 1 1 0 1 1 0 0 0 1 1 1 1 
0 0 0 0 0 0 0 0 1 0 0 0 0 0 0 0 0 0 0 0 
1 0 0 1 1 0 0 0 1 1 0 1 1 0 0 0 0 0 1 1 
0 0 0 0 1 0 0 0 0 0 1 1 1 0 0 0 0 0 0 1 
0 0 0 0 0 0 0 0 0 0 0 1 0 0 0 0 0 0 0 0 
0 0 0 0 1 0 0 0 0 0 0 1 1 0 0 0 0 0 0 1 
1 0 0 1 1 1 1 0 1 1 0 1 1 1 0 0 1 1 1 1 
0 0 1 0 1 0 0 0 0 0 0 1 0 0 1 0 0 0 1 0 
1 0 1 1 1 0 0 0 1 1 0 1 1 0 0 1 0 0 1 1 
1 0 0 1 1 0 0 0 0 0 0 1 1 0 0 0 1 0 1 1 
1 0 0 1 1 0 0 0 1 1 0 1 1 0 0 0 0 1 1 1 
0 0 0 0 0 0 0 0 0 0 0 0 0 0 0 0 0 0 1 0 
0 0 0 0 1 0 0 0 0 0 0 1 0 0 0 0 0 0 0 1 

9 8 3 2 5 7 6 9 
0 8 6 9 4 9 4 0 
6 3 8 6 0 7 9 9 
9 4 4 7 0 6 4 5 
4 8 9 1 4 7 0 6 
0 5 9 1 6 2 7 6 
6 1 7 3 1 2 1 8 
9 6 8 9 4 1 9 0 
1 0 9 8 8 7 5 5 
9 7 8 9 5 1 3 2 
1 0 1 7 9 7 7 6 
4 6 0 9 2 2 6 7 
2 1 4 4 8 9 9 4 
3 2 8 9 4 0 3 7 
8 5 5 6 7 6 3 3 
6 7 8 8 2 7 5 3 
8 7 5 4 1 5 5 2 
9 0 0 2 4 4 5 5 
5 9 2 4 5 1 6 3 
3 8 3 0 9 1 7 2 
