20
8
3

1 1 1 0 0 1 1 1 1 1 1 0 1 1 1 1 0 0 1 0 
1 1 1 0 0 1 1 1 1 1 1 0 1 1 1 1 0 0 1 0 
1 1 1 0 0 1 1 1 1 1 1 0 1 1 1 1 0 0 1 0 
1 1 1 1 0 1 1 1 1 1 1 0 1 1 1 1 0 0 1 0 
1 1 1 0 1 1 1 1 1 1 1 0 1 1 1 1 0 0 1 0 
1 1 1 0 0 1 1 1 1 1 1 0 1 1 1 1 0 0 1 0 
1 1 1 0 0 1 1 1 1 1 1 0 1 1 1 1 0 0 1 0 
1 1 1 0 0 1 1 1 1 1 1 0 1 1 1 1 0 0 1 0 
1 1 1 0 0 1 1 1 1 1 1 0 1 1 1 1 0 0 1 0 
1 1 1 0 0 1 1 1 1 1 1 0 1 1 1 1 0 0 1 0 
1 1 1 0 0 1 1 1 1 1 1 0 1 1 1 1 0 0 1 0 
1 1 1 0 0 1 1 1 1 1 1 1 1 1 1 1 0 0 1 0 
1 1 1 0 0 1 1 1 1 1 1 0 1 1 1 1 0 0 1 0 
0 0 0 0 0 0 0 0 0 0 0 0 0 1 0 0 0 0 0 0 
1 1 1 0 0 1 1 1 1 1 1 0 1 1 1 1 0 0 1 0 
1 1 1 0 0 1 1 1 1 1 1 0 1 1 1 1 0 0 1 0 
1 1 1 0 0 1 1 1 1 1 1 0 1 1 1 1 1 0 1 0 
1 1 1 0 1 1 1 1 1 1 1 0 1 1 1 1 0 1 1 0 
1 1 1 0 0 1 1 1 1 1 1 0 1 1 1 1 0 0 1 0 
1 1 1 1 1 1 1 1 1 1 1 0 1 1 1 1 1 1 1 1 

2 2 9 7 5 8 0 2 
5 4 2 2 9 3 5 2 
3 0 7 1 6 7 2 0 
5 5 5 8 8 7 2 8 
6 8 4 6 9 8 4 1 
2 9 0 3 5 0 9 9 
8 1 0 0 3 2 1 5 
6 8 7 3 2 7 6 5 
7 9 5 6 9 8 8 1 
0 1 6 5 1 1 1 0 
9 2 5 6 8 1 1 7 
0 5 2 7 1 1 9 4 
7 2 8 3 7 5 3 8 
9 3 6 8 9 8 9 8 
6 1 8 3 4 5 1 4 
7 7 8 0 9 5 5 1 
8 5 2 6 7 7 5 5 
5 7 3 3 5 5 6 1 
5 8 1 5 3 0 5 4 
1 8 2 5 9 7 2 2 
