20
7
3

1 0 0 0 0 0 0 0 0 0 0 0 0 0 0 0 0 0 0 0 
0 1 1 0 1 1 0 0 0 1 1 1 1 1 1 1 1 1 1 0 
0 1 1 0 1 1 0 0 0 1 1 1 1 1 1 1 1 1 1 0 
0 1 1 1 1 1 1 0 0 1 1 1 1 1 1 1 1 1 1 0 
0 0 0 0 1 0 0 0 0 0 0 0 0 0 0 0 0 0 0 0 
0 0 0 0 1 1 0 0 0 0 0 0 0 0 0 0 0 0 0 0 
0 1 1 0 1 1 1 0 0 1 1 1 1 1 1 1 1 1 1 0 
0 1 1 0 1 1 0 1 1 1 1 1 1 1 1 1 1 1 1 0 
0 1 1 0 1 1 0 0 1 1 1 1 1 1 1 1 1 1 1 0 
0 1 1 0 1 1 0 0 0 1 1 1 1 1 1 1 1 1 1 0 
0 1 1 0 1 1 0 0 0 1 1 1 1 1 1 1 1 1 1 0 
0 1 1 0 1 1 0 0 0 1 1 1 1 1 1 1 1 1 1 0 
0 1 1 0 1 1 0 0 0 1 1 1 1 1 1 1 1 1 1 0 
0 1 1 0 1 1 0 0 0 1 1 1 1 1 1 1 1 1 1 0 
0 0 0 0 0 0 0 0 0 0 0 0 0 0 1 0 0 0 0 0 
0 1 1 0 1 1 0 0 0 1 1 1 1 1 1 1 1 1 1 0 
0 1 1 0 1 1 0 0 0 1 1 1 1 1 1 1 1 1 1 0 
0 1 1 0 1 1 0 0 0 1 1 1 1 1 1 1 1 1 1 0 
0 1 1 0 1 1 0 0 0 1 1 1 1 1 1 1 1 1 1 0 
0 1 1 0 1 1 0 0 0 1 1 1 1 1 1 1 1 1 1 1 

7 4 0 7 9 3 1 
0 4 1 1 2 7 6 
2 6 9 6 9 3 6 
7 7 0 0 0 9 1 
3 6 3 9 3 1 5 
2 7 8 9 3 6 4 
3 9 2 5 7 7 3 
2 2 1 7 2 5 0 
1 4 1 8 5 0 3 
4 3 7 0 1 3 2 
1 7 6 8 4 6 3 
1 2 2 3 1 4 7 
7 4 6 7 7 6 9 
2 4 7 7 6 9 0 
6 2 5 8 5 5 5 
9 2 5 9 2 5 4 
7 7 3 1 9 8 1 
1 2 8 4 9 9 2 
1 2 4 1 7 4 7 
3 3 2 5 4 2 5 
