20
8
3

1 1 1 0 1 1 1 0 1 1 1 0 1 0 1 1 1 1 1 1 
1 1 1 0 1 1 1 0 1 1 1 0 1 0 1 1 1 1 1 1 
1 1 1 0 1 1 1 0 1 1 1 0 1 0 1 1 1 1 1 1 
1 1 1 1 1 1 1 0 1 1 1 1 1 0 1 1 1 1 1 1 
1 1 1 0 1 1 1 0 1 1 1 0 1 0 1 1 1 1 1 1 
1 1 1 0 1 1 1 0 1 1 1 0 1 0 1 1 1 1 1 1 
1 1 1 0 1 1 1 0 1 1 1 0 1 0 1 1 1 1 1 1 
1 1 1 0 1 1 1 1 1 1 1 0 1 0 1 1 1 1 1 1 
1 1 1 0 1 1 1 0 1 1 1 0 1 0 1 1 1 1 1 1 
1 1 1 0 1 1 1 0 1 1 1 0 1 0 1 1 1 1 1 1 
1 1 1 0 1 1 1 0 1 1 1 0 1 0 1 1 1 1 1 1 
1 1 1 1 1 1 1 0 1 1 1 1 1 0 1 1 1 1 1 1 
1 1 1 0 1 1 1 0 1 1 1 0 1 0 1 1 1 1 1 1 
0 0 0 0 0 0 0 0 0 0 0 0 0 1 0 0 0 0 0 0 
1 1 1 0 1 1 1 0 1 1 1 0 1 0 1 1 1 1 1 1 
1 1 1 0 1 1 1 0 1 1 1 0 1 0 1 1 1 1 1 1 
1 1 1 0 1 1 1 0 1 1 1 0 1 0 1 1 1 1 1 1 
1 1 1 0 1 1 1 0 1 1 1 0 1 0 1 1 1 1 1 1 
1 1 1 0 1 1 1 0 1 1 1 0 1 0 1 1 1 1 1 1 
1 1 1 0 1 1 1 0 1 1 1 0 1 0 1 1 1 1 1 1 

8 5 2 7 1 3 9 6 
6 5 0 7 6 3 6 2 
6 7 9 2 0 8 3 3 
3 3 1 7 3 7 8 1 
0 2 4 6 6 4 7 1 
4 2 8 3 8 1 8 5 
6 8 3 5 8 4 2 5 
2 5 2 2 7 2 4 6 
9 8 3 2 5 7 0 9 
0 3 8 9 0 9 8 6 
3 4 3 6 7 6 9 8 
3 8 2 0 0 0 6 0 
5 6 2 8 9 8 0 6 
9 0 4 3 4 2 2 2 
8 0 8 9 1 8 1 9 
3 6 4 6 0 2 2 0 
9 4 4 6 3 2 4 7 
8 5 6 7 2 6 9 0 
9 7 1 9 1 1 3 4 
7 7 4 1 5 9 2 8 
