20
8
3

1 0 0 0 0 0 0 0 1 0 0 0 0 1 0 0 1 1 1 0 
0 1 0 0 0 0 0 0 1 0 0 0 0 1 0 0 1 1 1 0 
1 0 1 1 1 0 1 1 1 0 1 0 0 1 0 1 1 1 1 0 
1 0 0 1 1 0 1 1 1 0 1 0 0 1 0 1 1 1 1 0 
1 0 0 1 1 0 1 1 1 0 1 0 0 1 0 1 1 1 1 0 
0 0 0 0 0 1 0 0 0 0 0 0 0 0 0 0 0 0 0 0 
1 0 0 1 1 0 1 1 1 0 1 0 0 1 0 1 1 1 1 0 
0 0 0 0 0 0 0 1 1 0 0 0 0 1 0 1 1 0 1 0 
0 0 0 0 0 0 0 0 1 0 0 0 0 0 0 0 0 0 0 0 
0 0 0 0 0 0 0 0 0 1 0 0 0 0 0 0 0 0 0 0 
1 0 0 1 1 0 1 1 1 0 1 0 0 1 0 1 1 1 1 0 
1 0 0 1 1 1 1 1 1 0 1 1 0 1 1 1 1 1 1 0 
1 0 0 1 1 1 1 1 1 0 1 0 1 1 1 1 1 1 1 0 
0 0 0 0 0 0 0 0 1 0 0 0 0 1 0 0 0 0 1 0 
0 0 0 0 0 1 0 0 1 0 0 0 0 1 1 0 1 0 1 0 
0 0 0 0 0 0 0 0 1 0 0 0 0 1 0 1 1 0 1 0 
0 0 0 0 0 0 0 0 1 0 0 0 0 1 0 0 1 0 1 0 
0 0 0 0 0 0 0 0 1 0 0 0 0 1 0 0 1 1 1 0 
0 0 0 0 0 0 0 0 0 0 0 0 0 0 0 0 0 0 1 0 
0 0 0 0 0 0 0 0 0 0 0 0 0 0 0 0 0 0 0 1 

9 1 9 9 4 6 4 8 
6 9 7 1 5 2 5 6 
7 5 9 9 6 3 2 6 
2 3 6 6 9 9 3 7 
4 0 8 0 9 3 4 1 
9 1 1 4 8 3 3 9 
4 9 3 7 8 9 5 9 
3 3 6 0 8 2 6 5 
1 0 8 8 9 2 7 5 
8 4 0 4 2 8 8 5 
5 1 1 5 8 0 6 3 
3 6 2 3 7 4 5 8 
2 1 0 9 0 2 6 5 
3 5 0 0 8 4 5 9 
4 1 1 3 5 0 4 3 
1 4 7 9 1 9 0 9 
9 7 4 7 3 9 9 7 
2 1 5 7 2 6 1 9 
6 9 7 2 4 4 8 5 
0 9 3 5 4 1 4 3 
