20
8
3

1 1 1 1 0 1 0 1 1 1 1 1 1 1 0 0 0 1 1 1 
1 1 1 1 0 1 0 1 1 1 1 1 1 1 0 0 0 1 1 1 
0 0 1 0 0 0 0 0 0 0 0 0 0 0 0 0 0 0 0 0 
1 1 1 1 0 1 0 1 1 1 1 1 1 1 0 0 0 1 1 1 
0 0 0 0 1 0 0 0 0 0 0 0 0 0 0 0 0 0 0 0 
1 1 1 1 0 1 0 1 1 1 1 1 1 1 0 0 0 1 1 1 
1 1 1 1 0 1 1 1 1 1 1 1 1 1 0 0 0 1 1 1 
1 1 1 1 0 1 0 1 1 1 1 1 1 1 0 0 0 1 1 1 
1 1 1 1 0 1 0 1 1 1 1 1 1 1 0 0 0 1 1 1 
1 1 1 1 0 1 0 1 1 1 1 1 1 1 0 0 0 1 1 1 
1 1 1 1 0 1 0 1 1 1 1 1 1 1 0 0 0 1 1 1 
1 1 1 1 0 1 0 1 1 1 1 1 1 1 0 0 0 1 1 1 
1 1 1 1 0 1 0 1 1 1 1 1 1 1 0 0 0 1 1 1 
1 1 1 1 0 1 0 1 1 1 1 1 1 1 0 0 0 1 1 1 
1 1 1 1 0 1 0 1 1 1 1 1 1 1 1 1 0 1 1 1 
1 1 1 1 0 1 0 1 1 1 1 1 1 1 0 1 0 1 1 1 
1 1 1 1 0 1 0 1 1 1 1 1 1 1 0 0 1 1 1 1 
1 1 1 1 0 1 0 1 1 1 1 1 1 1 0 0 0 1 1 1 
1 1 1 1 0 1 0 1 1 1 1 1 1 1 0 0 0 1 1 1 
1 1 1 1 0 1 0 1 1 1 1 1 1 1 0 0 0 1 1 1 

7 3 2 0 9 8 4 8 
0 5 3 1 4 6 8 2 
2 9 2 0 0 9 1 0 
1 5 5 7 7 4 6 4 
6 8 3 9 1 6 3 3 
5 7 1 9 7 3 7 6 
2 0 9 2 9 0 8 1 
6 1 0 7 2 6 3 5 
3 1 7 2 6 4 9 4 
1 7 1 7 5 6 4 4 
4 6 6 3 9 3 9 1 
4 4 9 0 0 4 3 2 
8 2 0 9 3 5 4 4 
9 9 7 4 0 5 9 0 
1 2 4 1 9 6 8 6 
1 4 7 9 7 3 5 4 
5 8 0 3 7 7 2 3 
9 6 0 9 5 9 5 2 
6 6 1 1 0 1 7 7 
0 2 3 7 1 2 6 3 
