20
8
3

1 0 0 0 0 0 0 0 0 0 0 0 0 0 0 0 0 0 0 0 
1 1 1 1 1 0 1 1 1 1 1 1 0 1 0 1 0 1 1 1 
1 1 1 1 1 0 1 1 1 1 1 1 0 1 0 1 0 1 1 1 
1 1 1 1 1 0 1 1 1 1 1 1 0 1 0 1 0 1 1 1 
0 0 0 0 1 0 0 0 0 0 0 0 0 0 0 0 0 0 0 0 
0 0 0 0 0 1 0 0 0 1 0 0 0 0 0 0 0 0 0 1 
1 1 1 1 1 0 1 1 1 1 1 1 0 1 0 1 0 1 1 1 
1 1 1 1 1 0 1 1 1 1 1 1 0 1 0 1 0 1 1 1 
0 0 0 0 0 0 0 0 1 0 0 0 0 0 0 0 0 0 0 0 
0 0 0 0 0 0 0 0 0 1 0 0 0 0 0 0 0 0 0 1 
1 1 1 1 1 0 1 1 1 1 1 1 0 1 0 1 0 1 1 1 
1 1 1 1 1 0 1 1 1 1 1 1 0 1 0 1 0 1 1 1 
0 0 0 0 1 0 0 0 0 0 0 0 1 0 0 0 0 0 0 0 
1 1 1 1 1 0 1 1 1 1 1 1 0 1 0 1 0 1 1 1 
0 0 0 0 0 0 0 0 0 0 0 0 0 0 1 0 0 0 0 1 
1 1 1 1 1 0 1 1 1 1 1 1 0 1 0 1 0 1 1 1 
1 1 1 1 1 0 1 1 1 1 1 1 0 1 0 1 1 1 1 1 
1 1 1 1 1 0 1 1 1 1 1 1 0 1 0 1 0 1 1 1 
1 1 1 1 1 0 1 1 1 1 1 1 0 1 0 1 0 1 1 1 
0 0 0 0 0 0 0 0 0 0 0 0 0 0 0 0 0 0 0 1 

2 8 0 3 5 4 6 3 
9 0 6 4 2 7 7 9 
1 2 1 8 9 4 4 2 
9 3 7 8 4 1 2 6 
5 6 0 3 7 5 9 5 
4 8 4 6 6 7 6 3 
5 6 0 3 4 3 3 0 
7 2 3 3 6 6 0 6 
8 1 0 9 7 5 2 0 
2 6 1 0 1 2 2 6 
1 6 1 8 7 6 3 7 
6 9 9 8 7 4 5 5 
6 6 9 9 6 3 0 8 
4 2 8 6 0 0 9 3 
8 6 2 4 2 8 8 2 
3 9 6 3 7 7 0 5 
2 8 6 2 5 9 8 0 
4 6 4 1 3 5 8 9 
1 0 4 9 6 6 3 0 
1 4 9 6 5 3 8 1 
