20
8
3

1 0 0 0 0 0 0 0 0 0 0 0 0 0 0 0 0 0 0 0 
0 1 0 0 0 0 0 0 0 0 0 0 0 0 0 0 0 0 0 0 
0 0 1 0 0 0 0 0 0 0 0 0 0 0 0 0 0 0 0 0 
0 0 0 1 1 0 1 1 0 0 1 0 0 0 1 0 0 0 1 1 
0 0 0 0 1 0 0 0 0 0 0 0 0 0 0 0 0 0 0 0 
0 0 0 1 1 1 1 1 0 0 1 0 0 0 1 0 0 0 1 1 
0 0 0 0 0 0 1 0 0 0 0 0 0 0 0 0 0 0 0 0 
0 0 0 0 1 0 1 1 0 0 0 0 0 0 0 0 0 0 0 0 
0 0 0 0 1 0 0 0 1 0 0 0 0 0 0 0 0 0 0 0 
0 0 0 0 0 0 0 0 0 1 0 0 0 0 0 0 0 0 0 0 
0 0 0 0 1 0 1 1 0 0 1 0 0 0 1 0 0 0 0 1 
0 0 0 0 0 0 0 0 0 0 0 1 0 0 0 0 0 0 0 0 
0 1 0 0 0 0 0 0 0 0 0 0 1 0 0 0 0 0 0 0 
0 0 0 1 1 1 1 1 0 1 1 0 0 1 1 0 0 0 1 1 
0 0 0 0 0 0 0 0 0 0 0 0 0 0 1 0 0 0 0 0 
0 0 0 0 0 0 1 0 0 0 0 0 0 0 0 1 0 0 0 0 
0 0 0 0 0 0 1 0 0 0 0 0 0 0 1 0 1 0 0 0 
0 0 0 1 1 1 1 1 0 0 1 0 0 0 1 0 0 1 1 1 
0 0 0 0 1 0 1 1 0 0 1 0 0 0 1 0 0 0 1 1 
0 0 0 0 1 0 1 1 0 0 0 0 0 0 0 0 0 0 0 1 

0 3 9 3 7 5 3 1 
7 2 2 1 7 8 7 1 
2 4 1 6 7 6 6 4 
2 2 8 5 0 6 2 2 
3 7 7 0 5 9 5 9 
9 3 5 1 4 7 1 7 
3 0 6 4 4 2 7 5 
7 6 1 1 1 8 9 2 
8 9 7 3 9 9 2 3 
9 9 2 9 3 6 7 3 
1 8 9 2 9 3 1 0 
4 7 5 2 9 2 7 2 
9 0 7 7 0 3 2 3 
6 9 7 7 5 0 6 9 
9 6 4 6 3 7 8 1 
7 7 4 4 4 9 7 4 
5 4 8 9 4 0 6 7 
3 0 5 6 2 7 3 0 
7 9 0 5 0 4 9 9 
1 0 0 8 8 5 4 5 
