20
8
3

1 0 1 1 0 0 0 0 0 0 0 0 1 0 0 0 1 0 0 0 
1 1 1 1 0 0 0 1 0 0 0 0 1 0 0 0 1 1 1 0 
0 0 1 1 0 0 0 0 0 0 0 0 1 0 0 0 1 0 0 0 
0 0 1 1 0 0 0 0 0 0 0 0 1 0 0 0 1 0 0 0 
1 1 1 1 1 0 0 1 0 0 0 0 1 0 0 0 1 1 1 0 
1 1 1 1 0 1 0 1 0 1 0 1 1 0 0 0 1 1 1 0 
1 1 1 1 1 0 1 1 0 1 0 1 1 1 1 0 1 1 1 1 
1 1 1 1 0 0 0 1 0 0 0 0 1 0 0 0 1 1 1 0 
1 1 1 1 1 1 1 1 1 1 0 1 1 1 1 1 1 1 1 1 
0 0 0 0 0 0 0 0 0 1 0 1 0 0 0 0 0 0 0 0 
1 1 1 1 1 1 1 1 1 1 1 1 1 1 1 1 1 1 1 1 
0 0 0 0 0 0 0 0 0 0 0 1 0 0 0 0 0 0 0 0 
0 0 0 0 0 0 0 0 0 0 0 0 1 0 0 0 0 0 0 0 
1 1 1 1 0 0 0 1 0 0 0 0 1 1 0 0 1 1 1 0 
1 1 1 1 1 0 1 1 0 1 0 1 1 1 1 0 1 1 1 1 
1 1 1 1 1 0 1 1 0 1 0 1 1 1 1 1 1 1 1 1 
0 0 0 0 0 0 0 0 0 0 0 0 0 0 0 0 1 0 0 0 
1 1 1 1 0 0 0 1 0 0 0 0 1 0 0 0 1 1 1 0 
0 0 0 0 0 0 0 0 0 0 0 0 0 0 0 0 0 0 1 0 
1 1 1 1 1 0 0 1 0 0 0 0 1 1 0 0 1 1 1 1 

0 0 7 8 0 0 7 7 
8 3 6 9 8 1 9 9 
4 4 6 7 9 8 7 6 
1 7 6 3 7 0 8 2 
9 5 0 1 5 3 3 2 
5 1 0 7 4 0 4 4 
6 2 1 4 4 6 5 5 
2 3 7 6 6 8 0 8 
3 2 3 7 0 3 7 1 
7 7 6 0 6 1 8 3 
2 6 9 7 8 5 2 4 
7 7 7 3 0 4 6 2 
4 9 7 0 6 0 8 0 
4 4 8 5 1 3 5 3 
8 3 3 7 0 6 4 0 
1 7 6 7 9 5 6 8 
8 6 3 1 8 8 8 1 
9 1 1 0 1 9 6 9 
7 3 8 2 7 9 8 4 
8 0 1 0 0 3 3 4 
