20
8
3

1 0 0 0 0 0 0 0 0 0 0 0 0 0 0 0 0 0 0 0 
0 1 0 0 0 0 0 0 0 0 0 0 0 0 0 0 0 0 0 0 
0 0 1 0 0 0 0 0 0 0 0 0 0 0 0 0 0 0 0 0 
0 0 0 1 0 0 0 0 0 0 0 0 0 0 0 0 0 1 0 0 
1 0 1 1 1 0 1 0 0 1 1 0 0 1 0 0 1 1 0 0 
0 0 0 0 0 1 0 0 0 0 0 0 0 0 0 0 0 1 0 0 
1 0 1 1 0 0 1 0 0 1 0 0 0 1 0 0 1 1 0 0 
1 0 1 1 0 0 1 1 0 1 0 0 0 1 0 0 1 1 0 0 
0 1 0 0 0 0 0 0 1 0 0 0 0 0 0 0 0 0 0 0 
1 0 1 1 0 0 1 0 0 1 0 0 0 1 0 0 1 1 0 0 
0 0 0 1 0 0 0 0 0 0 1 0 0 0 0 0 1 1 0 0 
0 0 0 1 0 0 0 0 0 0 0 1 0 0 1 0 0 1 0 0 
1 0 1 0 0 0 0 0 0 0 0 0 1 0 0 0 0 0 0 0 
1 0 1 1 0 0 1 0 0 1 0 0 0 1 0 0 1 1 0 0 
0 0 0 1 0 0 0 0 0 0 0 1 0 0 1 0 0 1 0 0 
0 0 0 0 0 0 0 0 0 0 0 0 0 0 0 1 0 0 0 0 
0 0 0 1 0 0 0 0 0 0 0 0 0 0 0 0 1 1 0 0 
0 0 0 0 0 0 0 0 0 0 0 0 0 0 0 0 0 1 0 0 
0 0 0 0 0 0 0 0 0 0 0 0 0 0 0 0 0 0 1 1 
0 0 0 0 0 0 0 0 0 0 0 0 0 0 0 0 0 0 0 1 

3 1 3 8 1 1 1 0 
3 5 1 7 2 9 1 1 
2 4 0 8 8 1 2 9 
3 4 7 9 5 9 9 9 
5 1 5 5 9 0 5 2 
9 0 3 5 3 5 8 9 
2 7 0 0 3 8 3 7 
8 5 4 7 6 7 6 3 
9 6 6 5 2 0 6 7 
7 4 6 2 0 3 0 0 
9 5 6 2 6 0 6 2 
8 3 5 9 1 9 6 5 
5 8 6 0 1 5 9 8 
4 0 1 3 7 4 4 1 
7 6 2 4 4 3 4 0 
2 1 0 8 7 4 4 4 
1 5 1 2 2 4 0 8 
0 3 1 1 2 1 7 7 
1 0 1 9 1 1 3 2 
3 3 7 2 8 3 0 0 
