20
8
3

1 0 0 0 1 0 0 0 0 0 0 0 0 0 0 0 0 1 0 0 
0 1 0 0 1 0 0 0 0 0 0 0 0 1 0 0 0 1 0 1 
0 0 1 0 0 0 0 0 0 0 0 0 0 0 0 0 0 0 0 1 
0 0 0 1 0 0 0 0 0 0 0 0 0 0 0 0 0 0 0 0 
0 0 0 0 1 0 0 0 0 0 0 0 0 0 0 0 0 1 0 0 
1 1 1 0 1 1 1 1 1 1 1 0 1 1 1 1 0 1 1 1 
1 0 1 0 1 0 1 0 0 1 0 0 1 1 0 1 0 1 0 1 
1 1 1 0 1 1 1 1 1 1 1 0 1 1 1 1 0 1 1 1 
1 1 1 0 1 1 1 1 1 1 1 0 1 1 1 1 0 1 1 1 
0 0 0 0 0 0 0 0 0 1 0 0 0 0 0 0 0 0 0 0 
1 0 1 0 1 0 1 0 0 1 1 0 1 1 0 1 0 1 0 1 
1 0 1 0 1 0 1 0 0 1 0 1 1 1 0 1 0 1 0 1 
1 0 1 0 1 0 1 0 0 1 0 0 1 1 0 1 0 1 0 1 
0 0 0 0 0 0 0 0 0 0 0 0 0 1 0 0 0 0 0 0 
1 1 1 0 1 1 1 1 1 1 1 0 1 1 1 1 0 1 1 1 
1 0 1 0 1 0 1 0 0 1 0 0 1 1 0 1 0 1 0 1 
0 0 0 0 0 0 0 0 0 0 0 0 0 0 0 0 1 0 0 0 
0 0 0 0 0 0 0 0 0 0 0 0 0 0 0 0 0 1 0 0 
1 1 1 0 1 1 1 1 1 1 1 0 1 1 1 1 0 1 1 1 
0 0 0 0 0 0 0 0 0 0 0 0 0 0 0 0 0 0 0 1 

1 0 4 7 2 4 2 9 
9 4 1 7 2 1 7 6 
2 4 9 2 9 7 8 4 
3 2 5 2 6 0 6 7 
6 2 1 2 1 7 6 6 
7 6 8 1 5 0 0 0 
3 7 8 3 6 2 7 1 
5 5 6 2 4 0 4 1 
1 6 3 7 4 0 0 1 
9 7 8 4 7 5 4 2 
8 9 0 8 1 2 5 6 
0 6 5 5 7 4 2 1 
5 3 0 8 4 7 7 2 
3 8 3 3 3 5 1 3 
8 2 3 8 0 7 6 5 
0 0 1 1 0 8 3 3 
1 0 6 4 0 0 6 8 
1 8 1 7 3 3 3 0 
6 6 3 1 2 5 6 8 
3 9 1 2 1 7 3 0 
