20
8
3

1 1 0 1 0 1 0 1 1 1 1 1 1 0 0 0 1 1 1 0 
1 1 0 1 0 1 0 1 1 1 1 1 1 0 0 0 1 1 1 0 
1 1 1 1 0 1 0 1 1 1 1 1 1 0 0 0 1 1 1 0 
1 1 0 1 0 1 0 1 1 1 1 1 1 0 0 0 1 1 1 0 
0 0 0 0 1 0 0 0 0 0 0 0 0 0 0 0 0 0 0 0 
1 1 0 1 0 1 0 1 1 1 1 1 1 0 0 0 1 1 1 0 
1 1 1 1 0 1 1 1 1 1 1 1 1 0 0 0 1 1 1 0 
1 1 0 1 0 1 0 1 1 1 1 1 1 0 0 0 1 1 1 0 
1 1 0 1 0 1 0 1 1 1 1 1 1 0 0 0 1 1 1 0 
1 1 0 1 0 1 0 1 1 1 1 1 1 0 0 0 1 1 1 0 
1 1 0 1 0 1 0 1 1 1 1 1 1 0 0 0 1 1 1 0 
1 1 0 1 0 1 0 1 1 1 1 1 1 0 0 0 1 1 1 0 
0 0 0 0 0 0 0 0 0 0 0 0 1 0 0 0 0 1 0 0 
1 1 0 1 0 1 0 1 1 1 1 1 1 1 0 0 1 1 1 0 
1 1 1 1 0 1 0 1 1 1 1 1 1 0 1 0 1 1 1 0 
1 1 1 1 1 1 0 1 1 1 1 1 1 0 1 1 1 1 1 0 
1 1 0 1 0 1 0 1 1 1 1 1 1 0 0 0 1 1 1 0 
0 0 0 0 0 0 0 0 0 0 0 0 0 0 0 0 0 1 0 0 
0 0 0 0 0 0 0 0 0 0 0 0 0 0 0 0 0 0 1 0 
1 1 1 1 0 1 1 1 1 1 1 1 1 0 0 0 1 1 1 1 

4 5 6 9 9 4 5 3 
2 1 9 4 5 5 0 7 
4 6 7 5 7 2 0 5 
2 2 4 7 2 2 2 3 
1 0 1 4 1 0 0 9 
4 8 3 9 1 9 6 4 
2 7 5 7 8 2 7 0 
6 9 8 2 4 3 2 6 
3 1 0 6 3 1 0 6 
6 1 0 0 1 2 3 1 
5 7 7 1 4 9 1 5 
5 2 0 1 9 4 8 3 
4 8 8 8 0 6 0 7 
0 5 7 6 8 0 0 6 
6 9 2 9 4 4 5 1 
1 9 1 1 1 3 1 6 
5 1 6 3 3 0 4 3 
0 0 0 9 3 3 6 4 
9 0 4 6 4 4 0 5 
9 2 2 0 1 6 7 9 
