20
8
3

1 1 1 1 1 0 0 1 0 1 1 1 0 0 0 1 1 0 0 0 
0 1 0 0 0 0 0 0 0 0 1 0 0 0 0 0 0 0 0 0 
0 1 1 1 1 0 0 1 0 1 1 1 0 0 0 1 1 0 0 0 
0 1 0 1 1 0 0 1 0 1 1 0 0 0 0 0 1 0 0 0 
0 0 0 0 1 0 0 0 0 0 0 0 0 0 0 0 0 0 0 0 
1 1 1 1 1 1 0 1 1 1 1 1 0 0 1 1 1 0 0 1 
0 0 0 0 1 0 1 0 0 1 0 0 0 0 0 0 0 0 0 0 
0 1 0 1 1 0 0 1 0 1 1 0 0 0 0 0 1 0 0 0 
1 1 1 1 1 0 0 1 1 1 1 1 0 0 1 1 1 0 0 1 
0 0 0 0 1 0 0 0 0 1 0 0 0 0 0 0 0 0 0 0 
0 0 0 0 0 0 0 0 0 0 1 0 0 0 0 0 0 0 0 0 
0 1 1 1 1 0 0 1 0 1 1 1 0 0 0 1 1 0 0 0 
0 1 0 0 0 0 0 0 0 0 1 0 1 0 0 0 0 0 0 1 
0 0 0 0 0 0 0 0 0 0 0 0 0 1 0 0 0 0 0 0 
0 1 0 0 1 0 0 0 0 1 1 0 0 0 1 0 1 0 0 1 
0 1 1 1 1 0 0 1 0 1 1 1 0 0 0 1 1 0 0 0 
0 1 0 0 1 0 0 0 0 1 1 0 0 0 0 0 1 0 0 0 
1 1 1 1 1 1 0 1 1 1 1 1 0 1 1 1 1 1 0 1 
0 1 1 1 1 0 0 1 0 1 1 1 0 0 0 1 1 0 1 0 
0 0 0 0 0 0 0 0 0 0 0 0 0 0 0 0 0 0 0 1 

1 5 8 9 4 7 0 1 
9 7 8 6 1 1 3 9 
3 6 8 7 9 5 5 6 
0 9 3 3 4 3 7 5 
6 6 1 5 9 6 2 5 
7 8 7 4 2 8 5 9 
1 7 0 3 5 5 4 1 
2 3 6 9 0 2 3 2 
8 5 4 4 5 7 7 7 
2 4 0 5 9 9 4 6 
9 5 4 1 7 5 0 4 
0 6 5 2 9 1 9 3 
4 4 4 1 3 8 1 1 
4 4 8 8 6 0 9 3 
0 5 8 2 9 7 5 0 
6 5 1 3 2 5 1 6 
8 4 5 9 5 5 2 4 
1 6 2 9 8 2 7 7 
8 8 6 2 4 7 4 3 
2 3 4 6 5 9 1 8 
