20
8
3

1 1 1 0 1 1 1 1 0 0 1 1 0 1 0 1 1 1 1 1 
1 1 1 0 1 1 1 1 0 0 1 1 0 1 0 1 1 1 1 1 
0 0 1 0 0 0 0 0 0 0 0 0 0 0 0 0 0 0 0 0 
1 1 1 1 1 1 1 1 0 0 1 1 0 1 0 1 1 1 1 1 
1 1 1 0 1 1 1 1 0 0 1 1 0 1 0 1 1 1 1 1 
1 1 1 0 1 1 1 1 0 0 1 1 0 1 0 1 1 1 1 1 
1 1 1 0 1 1 1 1 0 0 1 1 0 1 0 1 1 1 1 1 
0 0 0 0 0 0 0 1 0 0 0 0 0 0 0 0 0 0 0 0 
1 1 1 0 1 1 1 1 1 0 1 1 0 1 0 1 1 1 1 1 
1 1 1 0 1 1 1 1 1 1 1 1 1 1 0 1 1 1 1 1 
1 1 1 0 1 1 1 1 0 0 1 1 0 1 0 1 1 1 1 1 
1 1 1 0 1 1 1 1 0 0 1 1 0 1 0 1 1 1 1 1 
1 1 1 0 1 1 1 1 0 0 1 1 1 1 0 1 1 1 1 1 
1 1 1 0 1 1 1 1 0 0 1 1 0 1 0 1 1 1 1 1 
1 1 1 0 1 1 1 1 1 0 1 1 0 1 1 1 1 1 1 1 
1 1 1 0 1 1 1 1 0 0 1 1 0 1 0 1 1 1 1 1 
1 1 1 0 1 1 1 1 0 0 1 1 0 1 0 1 1 1 1 1 
1 1 1 0 1 1 1 1 0 0 1 1 0 1 0 1 1 1 1 1 
1 1 1 0 1 1 1 1 0 0 1 1 0 1 0 1 1 1 1 1 
1 1 1 0 1 1 1 1 0 0 1 1 0 1 0 1 1 1 1 1 

1 2 6 5 5 8 1 9 
6 5 5 3 8 0 1 2 
5 0 3 2 8 7 9 3 
4 5 3 4 8 5 1 6 
5 5 3 8 8 0 5 3 
1 2 7 6 6 0 3 2 
2 9 7 9 8 1 8 8 
0 3 0 2 9 7 0 4 
5 0 1 3 2 9 3 5 
9 5 1 7 5 8 1 3 
7 8 4 7 3 6 2 4 
4 7 4 8 2 7 2 3 
1 8 9 0 2 5 8 6 
1 7 9 2 6 1 7 8 
4 0 9 3 3 8 3 6 
8 5 5 5 6 0 5 5 
5 8 2 5 9 1 3 2 
0 6 2 7 5 6 2 2 
5 8 3 9 2 6 2 1 
9 5 1 4 5 4 1 1 
