20
8
3

1 1 0 1 1 0 0 0 1 1 1 1 0 0 1 1 0 1 1 1 
1 1 0 1 1 0 0 0 1 1 1 1 0 0 1 1 0 1 1 1 
1 1 1 1 1 0 0 1 1 1 1 1 0 0 1 1 0 1 1 1 
1 1 0 1 1 0 0 0 1 1 1 1 0 0 1 1 0 1 1 1 
0 0 0 0 1 0 0 0 0 0 0 0 0 0 0 0 0 0 0 0 
0 0 0 0 0 1 0 0 0 0 0 0 0 0 0 0 1 0 0 0 
1 1 0 1 1 0 1 0 1 1 1 1 0 0 1 1 0 1 1 1 
0 0 0 0 0 0 0 1 0 0 0 0 0 0 0 0 0 0 0 0 
1 1 0 1 1 0 0 0 1 1 1 1 0 0 1 1 0 1 1 1 
1 1 0 1 1 0 0 0 1 1 1 1 0 0 1 1 0 1 1 1 
1 1 0 1 1 0 0 0 1 1 1 1 0 0 1 1 0 1 1 1 
1 1 0 1 1 0 0 0 1 1 1 1 0 0 1 1 0 1 1 1 
0 0 0 0 0 0 0 0 0 0 0 0 1 0 0 0 0 0 0 0 
1 1 0 1 1 0 0 0 1 1 1 1 0 1 1 1 0 1 1 1 
0 0 0 0 0 0 0 0 0 0 0 0 0 0 1 0 0 0 0 0 
1 1 0 1 1 0 0 0 1 1 1 1 0 0 1 1 0 1 1 1 
0 0 0 0 0 0 0 0 0 0 0 0 0 0 0 0 1 0 0 0 
1 1 0 1 1 0 0 0 1 1 1 1 0 0 1 1 0 1 1 1 
1 1 0 1 1 0 0 0 1 1 1 1 0 0 1 1 0 1 1 1 
1 1 0 1 1 0 0 0 1 1 1 1 0 0 1 1 0 1 1 1 

9 7 2 6 6 3 5 8 
1 1 8 2 9 7 2 3 
1 4 3 1 4 4 8 0 
6 3 0 0 8 8 4 4 
1 2 9 1 8 5 9 9 
9 3 3 9 2 1 1 6 
3 0 1 3 5 1 2 6 
1 9 0 1 6 3 9 3 
0 3 5 8 7 8 8 3 
7 9 0 9 3 3 1 8 
3 0 9 8 5 4 8 3 
7 3 8 1 9 8 8 0 
2 3 0 7 1 5 2 5 
2 3 1 9 1 8 3 0 
7 1 4 8 5 2 8 9 
4 5 8 7 0 4 5 8 
0 4 4 6 5 5 9 7 
3 1 3 0 8 1 9 0 
6 4 4 3 5 6 7 7 
6 0 1 2 0 4 3 2 
