20
8
3

1 0 0 1 0 0 0 0 0 0 0 0 0 0 0 0 0 0 0 0 
1 1 1 1 1 1 1 0 1 1 0 1 1 1 1 1 1 1 1 1 
1 0 1 1 1 1 1 0 1 1 0 1 1 1 1 1 1 1 1 1 
0 0 0 1 0 0 0 0 0 0 0 0 0 0 0 0 0 0 0 0 
1 0 1 1 1 1 1 0 1 1 0 1 1 1 1 1 1 1 1 1 
0 0 0 0 0 1 0 0 0 0 0 0 0 0 0 0 0 0 0 0 
1 0 1 1 1 1 1 0 1 1 0 1 1 1 1 1 1 1 1 1 
1 0 1 1 1 1 1 1 1 1 0 1 1 1 1 1 1 1 1 1 
1 0 1 1 1 1 1 0 1 1 0 1 1 1 1 1 1 1 1 1 
1 0 1 1 1 1 1 0 1 1 0 1 1 1 1 1 1 1 1 1 
1 0 1 1 1 1 1 0 1 1 1 1 1 1 1 1 1 1 1 1 
1 0 1 1 1 1 1 0 1 1 0 1 1 1 1 1 1 1 1 1 
1 0 1 1 1 1 1 0 1 1 0 1 1 1 1 1 1 1 1 1 
1 0 1 1 1 1 1 0 1 1 0 1 1 1 1 1 1 1 1 1 
1 0 1 1 1 1 1 0 1 1 0 1 1 1 1 1 1 1 1 1 
1 0 1 1 1 1 1 0 1 1 0 1 1 1 1 1 1 1 1 1 
0 0 0 0 0 0 0 0 0 0 0 0 0 0 0 0 1 0 0 0 
1 0 1 1 1 1 1 0 1 1 0 1 1 1 1 1 1 1 1 1 
1 0 1 1 1 1 1 0 1 1 0 1 1 1 1 1 1 1 1 1 
1 0 1 1 1 1 1 0 1 1 0 1 1 1 1 1 1 1 1 1 

7 3 8 4 1 0 7 3 
8 6 2 1 0 3 7 5 
1 2 3 6 4 6 8 4 
2 0 3 3 6 3 6 0 
9 6 0 6 9 4 6 2 
5 3 0 6 6 3 1 4 
5 9 2 2 5 2 2 6 
2 9 9 2 6 3 6 7 
0 8 3 4 8 7 0 5 
7 5 4 5 9 6 1 4 
6 6 9 9 2 8 1 1 
5 2 1 1 9 5 3 1 
8 3 4 0 8 1 9 0 
8 1 6 7 3 7 5 5 
2 1 0 4 4 5 9 6 
5 7 9 6 8 1 3 4 
6 0 7 6 4 6 0 0 
0 2 3 1 8 6 7 4 
3 3 9 3 3 0 0 1 
1 4 6 8 0 9 2 8 
