20
8
3

1 1 1 0 1 1 0 1 0 1 1 0 1 1 1 0 0 1 1 1 
1 1 1 0 1 1 0 1 0 1 1 0 1 1 1 0 0 1 1 1 
0 0 1 0 0 0 0 0 0 0 0 0 0 0 0 0 0 0 0 0 
1 1 1 1 1 1 0 1 0 1 1 0 1 1 1 0 0 1 1 1 
0 0 0 0 1 0 0 0 0 0 0 0 0 0 0 0 0 0 0 0 
0 0 0 0 0 1 0 0 0 1 0 0 0 0 0 0 0 0 0 0 
1 1 1 0 1 1 1 1 1 1 1 0 1 1 1 0 0 1 1 1 
1 1 1 0 1 1 0 1 0 1 1 0 1 1 1 0 0 1 1 1 
0 0 0 0 0 1 0 0 1 1 1 0 0 0 1 0 0 0 0 0 
0 0 0 0 0 0 0 0 0 1 0 0 0 0 0 0 0 0 0 0 
0 0 0 0 0 1 0 0 0 1 1 0 0 0 1 0 0 0 0 0 
0 0 1 0 0 1 0 0 1 1 1 1 0 0 1 0 1 0 0 0 
1 1 1 0 1 1 0 1 0 1 1 0 1 1 1 0 0 1 1 1 
1 1 1 0 1 1 0 1 0 1 1 0 1 1 1 0 0 1 1 1 
0 0 0 0 0 1 0 0 0 1 0 0 0 0 1 0 0 0 0 0 
1 1 1 0 1 1 0 1 0 1 1 0 1 1 1 1 0 1 1 1 
0 0 0 0 0 0 0 0 0 0 0 0 0 0 0 0 1 0 0 0 
1 1 1 0 1 1 0 1 0 1 1 0 1 1 1 0 0 1 1 1 
1 1 1 0 1 1 0 1 0 1 1 0 1 1 1 0 0 1 1 1 
1 1 1 0 1 1 0 1 0 1 1 0 1 1 1 0 0 1 1 1 

0 0 2 3 6 3 8 8 
7 8 7 7 3 2 4 4 
4 0 8 6 6 9 8 9 
4 2 8 6 4 4 5 9 
9 7 0 4 8 9 6 7 
3 8 5 7 5 0 5 0 
2 2 9 1 7 2 9 3 
2 7 2 8 4 0 1 2 
0 1 9 3 0 0 0 8 
1 8 0 3 3 6 4 5 
5 0 1 9 7 7 9 1 
2 8 2 8 9 6 2 7 
4 8 0 8 0 2 8 6 
7 7 7 7 8 2 4 7 
5 4 2 0 8 3 1 5 
8 1 1 5 0 7 4 6 
9 1 9 4 5 5 9 9 
4 2 9 6 7 5 9 2 
1 3 0 0 8 3 7 9 
0 5 9 2 2 0 1 6 
