20
8
3

1 0 0 1 0 0 1 0 1 0 1 1 1 1 1 0 1 0 0 1 
0 1 0 0 0 0 0 0 0 0 0 0 0 0 0 0 0 0 0 0 
1 1 1 1 0 0 1 0 1 0 1 1 1 1 1 0 1 0 0 1 
1 0 0 1 0 0 1 0 1 0 1 1 1 1 1 0 1 0 0 1 
1 0 0 1 1 0 1 0 1 0 1 1 1 1 1 0 1 0 0 1 
1 0 0 1 0 1 1 0 1 1 1 1 1 1 1 1 1 0 0 1 
1 0 0 1 0 0 1 0 1 0 1 1 1 1 1 0 1 0 0 1 
0 0 0 0 0 0 0 1 1 0 1 0 0 0 1 0 1 0 0 0 
0 0 0 0 0 0 0 0 1 0 0 0 0 0 0 0 0 0 0 0 
0 0 0 0 0 0 0 0 0 1 0 0 0 0 0 0 0 0 0 0 
0 0 0 0 0 0 0 0 1 0 1 0 0 0 1 0 0 0 0 0 
0 0 0 0 0 0 0 0 1 0 1 1 0 0 1 0 0 0 0 0 
1 0 0 1 0 0 1 0 1 0 1 1 1 1 1 0 1 0 0 1 
1 0 0 1 0 0 1 0 1 0 1 1 1 1 1 0 1 0 0 1 
0 0 0 0 0 0 0 0 1 0 1 0 0 0 1 0 0 0 0 0 
1 0 0 1 0 0 1 0 1 0 1 1 1 1 1 1 1 0 0 1 
0 0 0 0 0 0 0 0 0 0 0 0 0 0 0 0 1 0 0 0 
1 0 0 1 0 0 1 0 1 0 1 1 1 1 1 0 1 1 0 1 
1 0 0 1 0 0 1 0 1 0 1 1 1 1 1 1 1 0 1 1 
1 0 0 1 0 0 1 0 1 0 1 1 1 1 1 0 1 0 0 1 

6 5 5 8 3 3 3 9 
4 2 3 7 3 6 7 8 
8 6 2 8 8 1 7 4 
5 8 2 5 8 3 6 6 
3 0 7 9 4 5 3 5 
6 4 3 8 2 8 5 0 
8 5 5 1 1 7 7 5 
4 3 9 2 9 0 6 5 
6 5 8 9 6 8 4 2 
0 9 8 6 9 8 8 8 
3 4 7 8 4 2 5 9 
4 6 1 8 6 6 7 0 
9 5 4 7 3 7 5 8 
6 7 5 2 5 3 7 5 
2 5 3 5 4 2 3 7 
4 5 2 9 5 2 1 4 
4 5 2 8 6 3 5 8 
7 1 6 2 9 2 1 6 
5 9 3 4 7 4 9 9 
4 7 8 6 0 4 3 5 
