20
8
3

1 1 1 1 1 1 1 1 1 1 1 1 1 1 1 1 1 1 1 1 
1 1 1 1 1 1 1 1 1 1 1 1 1 1 1 1 1 1 1 1 
1 1 1 1 1 1 1 1 1 1 1 1 1 1 1 1 1 1 1 1 
1 1 1 1 1 1 1 1 1 1 1 1 1 1 1 1 1 1 1 1 
1 1 1 1 1 1 1 1 1 1 1 1 1 1 1 1 1 1 1 1 
1 1 1 1 1 1 1 1 1 1 1 1 1 1 1 1 1 1 1 1 
0 0 0 0 0 0 1 0 0 0 0 0 0 0 0 0 0 0 0 0 
1 1 1 1 1 1 1 1 1 1 1 1 1 1 1 1 1 1 1 1 
1 1 1 1 1 1 1 1 1 1 1 1 1 1 1 1 1 1 1 1 
0 0 0 0 0 0 0 0 0 1 0 0 0 0 0 0 0 0 0 0 
1 1 1 1 1 1 1 1 1 1 1 1 1 1 1 1 1 1 1 1 
1 1 1 1 1 1 1 1 1 1 1 1 1 1 1 1 1 1 1 1 
0 0 0 0 0 0 0 0 0 0 0 0 1 0 0 0 0 0 1 0 
1 1 1 1 1 1 1 1 1 1 1 1 1 1 1 1 1 1 1 1 
1 1 1 1 1 1 1 1 1 1 1 1 1 1 1 1 1 1 1 1 
1 1 1 1 1 1 1 1 1 1 1 1 1 1 1 1 1 1 1 1 
1 1 1 1 1 1 1 1 1 1 1 1 1 1 1 1 1 1 1 1 
1 1 1 1 1 1 1 1 1 1 1 1 1 1 1 1 1 1 1 1 
0 0 0 0 0 0 0 0 0 0 0 0 0 0 0 0 0 0 1 0 
1 1 1 1 1 1 1 1 1 1 1 1 1 1 1 1 1 1 1 1 

6 9 6 9 4 9 2 9 
0 5 0 2 1 4 3 6 
6 2 3 9 9 5 3 1 
4 4 5 1 7 3 8 1 
7 3 1 8 9 4 0 0 
8 1 1 8 6 0 9 7 
8 5 4 5 4 6 4 4 
0 6 3 7 2 8 4 6 
2 2 4 3 6 1 1 7 
9 0 0 0 6 3 0 9 
0 9 6 9 6 8 2 1 
1 0 4 8 8 9 8 5 
8 2 2 7 5 0 8 1 
4 6 7 5 9 2 2 2 
8 7 0 2 1 3 5 3 
9 6 8 9 5 3 6 2 
8 1 3 3 7 5 4 5 
1 6 6 2 3 9 3 8 
6 6 1 1 3 9 2 2 
6 5 2 9 9 8 8 9 
