20
8
3

1 0 1 0 0 0 1 0 0 0 0 0 0 0 0 0 0 0 0 0 
0 1 0 0 0 0 0 0 0 0 0 0 0 0 0 0 0 0 0 0 
0 0 1 0 0 0 1 0 0 0 0 0 0 0 0 0 0 0 0 0 
0 0 0 1 0 0 1 0 0 1 0 0 0 0 0 0 0 1 0 0 
0 0 0 0 1 0 0 0 0 1 0 0 0 0 1 0 0 1 0 1 
0 0 0 0 0 1 0 0 0 0 0 0 0 0 0 0 0 0 0 0 
0 0 0 0 0 0 1 0 0 0 0 0 0 0 0 0 0 0 0 0 
1 0 1 0 0 0 1 1 0 1 0 1 1 0 1 0 1 1 1 0 
0 0 0 1 1 0 1 0 1 1 0 0 0 0 1 0 0 1 0 1 
0 0 0 0 0 0 0 0 0 1 0 0 0 0 0 0 0 0 0 0 
1 0 1 1 0 0 1 0 0 1 1 0 1 0 1 1 0 1 1 1 
0 0 0 0 0 0 0 0 0 0 0 1 0 0 0 0 0 0 0 0 
1 0 1 0 0 0 1 0 0 1 0 0 1 0 1 0 0 1 0 0 
0 0 0 0 0 0 0 0 0 0 0 0 0 1 0 0 0 0 0 0 
0 0 0 0 0 0 0 0 0 0 0 0 0 0 1 0 0 0 0 0 
0 0 0 1 0 0 1 0 0 1 0 0 0 0 0 1 0 1 0 0 
1 0 1 0 0 0 1 0 0 1 0 0 0 0 0 0 1 0 1 0 
0 0 0 0 0 0 0 0 0 1 0 0 0 0 0 0 0 1 0 0 
1 0 1 0 0 0 1 0 0 0 0 0 0 0 0 0 0 0 1 0 
0 0 0 0 0 0 0 0 0 0 0 0 0 0 0 0 0 0 0 1 

7 1 0 8 1 8 0 1 
5 6 7 3 8 1 4 0 
0 9 2 5 4 5 7 0 
7 6 8 7 2 0 6 6 
0 8 6 2 8 8 6 0 
5 9 1 8 3 4 4 2 
4 5 1 0 1 2 4 6 
0 5 8 9 1 0 9 3 
5 0 9 1 6 4 1 6 
4 9 2 5 0 1 4 9 
6 1 7 9 4 2 6 7 
4 4 3 6 6 3 0 2 
0 3 3 9 9 9 5 7 
9 4 2 7 7 1 9 9 
0 8 6 0 7 5 8 4 
0 2 2 6 2 0 8 3 
1 2 8 6 5 5 8 4 
0 9 1 4 0 2 4 7 
1 9 9 1 5 4 4 4 
6 6 7 1 1 3 6 8 
