20
8
3

1 0 1 1 1 1 0 1 1 1 0 0 1 1 1 0 1 1 1 1 
0 1 0 0 0 0 0 0 0 0 0 0 0 0 0 0 0 0 0 0 
0 0 1 1 1 1 0 1 1 1 0 0 1 1 1 0 1 1 0 1 
0 0 1 1 1 1 0 1 1 1 0 0 1 1 1 0 1 1 0 1 
0 0 1 1 1 1 0 1 1 1 0 0 1 1 1 0 1 1 0 1 
0 0 1 1 1 1 0 1 1 1 0 0 1 1 1 0 1 1 0 1 
0 0 0 0 0 0 1 0 0 0 0 0 0 0 0 0 0 0 0 0 
0 0 0 0 0 0 0 1 0 0 0 0 0 0 0 0 0 0 0 0 
0 0 1 1 1 1 0 1 1 1 0 0 1 1 1 0 1 1 0 1 
0 0 1 1 1 1 0 1 1 1 0 0 1 1 1 0 1 1 0 1 
0 0 0 0 0 0 0 0 0 0 1 0 0 0 0 0 1 1 0 0 
0 1 1 1 1 1 0 1 1 1 1 1 1 1 1 0 1 1 0 1 
0 0 0 0 0 0 0 0 0 0 0 0 1 0 0 0 0 0 0 0 
0 0 0 0 0 0 0 0 0 0 0 0 0 1 1 0 1 1 0 1 
0 0 0 0 0 0 0 0 0 0 0 0 0 0 1 0 1 1 0 1 
0 0 1 1 1 1 0 1 1 1 0 0 1 1 1 1 1 1 1 1 
0 0 0 0 0 0 0 0 0 0 0 0 0 0 0 0 1 1 0 0 
0 0 0 0 0 0 0 0 0 0 0 0 0 0 0 0 0 1 0 0 
0 0 1 1 1 1 0 1 1 1 0 0 1 1 1 0 1 1 1 1 
0 0 0 0 0 0 0 0 0 0 0 0 0 0 0 0 0 0 0 1 

1 0 9 8 6 3 3 3 
5 1 6 2 5 1 0 8 
0 8 6 8 0 9 8 1 
7 9 7 0 4 8 0 7 
8 9 8 7 0 2 4 7 
4 5 1 2 3 6 5 6 
4 2 7 5 5 8 0 2 
0 6 8 7 2 2 7 4 
3 8 8 1 9 1 0 7 
3 0 0 1 7 3 8 4 
9 2 6 0 9 3 8 9 
6 3 2 8 6 0 5 5 
1 9 2 8 1 4 4 4 
1 1 8 7 9 1 4 5 
1 4 6 4 4 2 0 8 
9 4 8 3 1 0 7 8 
9 4 5 0 8 0 9 6 
1 3 4 9 2 6 5 8 
8 5 0 5 1 2 2 7 
3 0 8 9 1 2 7 1 
