20
8
3

1 1 1 1 1 1 1 1 1 1 1 1 1 0 1 0 1 1 1 1 
1 1 1 1 1 1 1 1 1 1 1 1 1 0 1 0 1 1 1 1 
0 0 1 0 1 0 0 0 0 0 0 0 0 0 0 0 1 0 0 0 
1 1 1 1 1 1 1 1 1 1 1 1 1 0 1 0 1 1 1 1 
0 0 0 0 1 0 0 0 0 0 0 0 0 0 0 0 1 0 0 0 
1 1 1 1 1 1 1 1 1 1 1 1 1 0 1 0 1 1 1 1 
1 1 1 1 1 1 1 1 1 1 1 1 1 0 1 0 1 1 1 1 
1 1 1 1 1 1 1 1 1 1 1 1 1 0 1 0 1 1 1 1 
1 1 1 1 1 1 1 1 1 1 1 1 1 0 1 0 1 1 1 1 
1 1 1 1 1 1 1 1 1 1 1 1 1 0 1 0 1 1 1 1 
1 1 1 1 1 1 1 1 1 1 1 1 1 0 1 0 1 1 1 1 
1 1 1 1 1 1 1 1 1 1 1 1 1 0 1 0 1 1 1 1 
0 0 0 0 0 0 0 0 0 0 0 0 1 0 0 0 0 0 0 0 
1 1 1 1 1 1 1 1 1 1 1 1 1 1 1 0 1 1 1 1 
1 1 1 1 1 1 1 1 1 1 1 1 1 0 1 0 1 1 1 1 
1 1 1 1 1 1 1 1 1 1 1 1 1 0 1 1 1 1 1 1 
0 0 0 0 1 0 0 0 0 0 0 0 0 0 0 0 1 0 0 0 
1 1 1 1 1 1 1 1 1 1 1 1 1 0 1 0 1 1 1 1 
1 1 1 1 1 1 1 1 1 1 1 1 1 0 1 0 1 1 1 1 
1 1 1 1 1 1 1 1 1 1 1 1 1 0 1 0 1 1 1 1 

7 6 1 5 6 5 4 9 
6 8 1 4 6 2 3 3 
7 6 5 9 4 3 6 9 
4 9 9 6 3 0 3 8 
8 2 7 1 0 3 0 8 
5 3 6 9 9 5 1 9 
8 6 1 7 0 9 7 3 
5 4 3 8 3 8 5 3 
3 0 9 8 3 1 5 0 
5 7 9 7 8 4 9 7 
8 4 0 4 8 8 2 9 
8 5 4 6 7 7 6 7 
4 2 4 1 3 3 2 0 
6 9 2 2 8 2 9 5 
2 2 0 6 1 6 9 1 
1 1 4 7 4 7 5 7 
6 0 7 7 5 5 6 4 
9 6 9 5 8 9 7 1 
9 6 9 2 6 4 8 6 
7 5 9 4 2 6 6 9 
