20
8
3

1 0 0 0 0 0 0 0 0 0 0 0 0 0 0 0 0 0 0 0 
0 1 0 0 0 0 0 0 0 0 0 0 0 0 1 0 0 0 0 0 
0 0 1 0 0 1 0 0 1 0 1 0 0 0 0 0 1 0 0 0 
0 0 0 1 0 0 0 0 0 0 0 0 0 0 0 0 0 0 0 0 
0 0 0 0 1 0 0 0 0 0 0 0 0 0 0 0 0 0 0 0 
0 0 1 0 0 1 0 0 1 0 1 0 0 0 0 0 1 0 0 0 
0 0 0 0 0 0 1 0 0 0 0 0 0 0 0 0 0 0 0 0 
0 0 0 0 0 0 0 1 0 0 0 0 0 0 0 0 0 0 0 0 
0 0 0 0 0 0 0 0 1 0 0 0 0 0 0 0 0 0 0 0 
0 0 0 0 0 0 0 0 1 1 0 0 0 0 0 0 1 0 0 0 
0 0 1 0 0 1 0 0 1 0 1 0 0 0 0 0 1 0 0 0 
0 1 0 0 0 0 1 0 1 1 0 1 0 0 1 0 1 0 0 0 
0 0 0 0 1 0 0 0 0 0 0 0 1 0 0 0 0 0 0 0 
0 0 0 0 1 0 0 0 0 0 0 0 0 1 0 0 0 0 0 0 
0 0 0 0 0 0 0 0 0 0 0 0 0 0 1 0 0 0 0 0 
0 0 0 0 0 0 0 0 0 0 0 0 0 0 0 1 0 0 0 0 
0 0 0 0 0 0 0 0 1 0 0 0 0 0 0 0 1 0 0 0 
0 1 0 0 0 0 1 0 1 1 0 1 0 0 1 1 1 1 0 0 
0 0 0 0 0 0 0 0 0 0 0 0 0 0 1 0 0 0 1 0 
1 0 1 0 1 1 0 0 1 0 1 0 0 0 0 0 1 0 0 1 

2 0 9 2 3 7 3 0 
4 3 7 0 1 3 1 3 
6 8 6 7 2 1 7 4 
9 2 4 0 6 5 7 1 
2 2 4 7 4 0 4 5 
2 0 8 3 7 4 5 7 
1 6 3 9 2 5 3 5 
4 8 1 9 0 4 3 6 
0 1 9 4 9 4 4 2 
9 1 0 1 8 9 2 6 
7 3 1 2 5 6 7 2 
3 2 5 7 7 3 2 5 
4 0 9 0 3 5 6 4 
5 1 1 1 3 8 0 7 
6 7 6 3 9 2 3 6 
1 8 7 0 6 7 2 7 
9 1 3 4 4 4 7 6 
9 7 4 1 3 5 3 6 
5 5 7 6 3 1 4 7 
4 6 6 9 2 1 8 6 
