20
8
3

1 0 0 0 0 0 0 0 0 0 0 0 0 0 0 0 0 0 0 0 
1 1 0 1 0 0 0 0 0 1 0 0 0 0 1 1 1 1 0 0 
1 1 1 1 0 0 1 0 1 1 0 1 0 1 1 1 1 1 0 1 
1 0 0 1 0 0 0 0 0 0 0 0 0 0 0 0 0 0 0 0 
1 1 0 1 1 0 0 0 0 1 0 0 1 0 1 1 1 1 0 0 
1 1 0 1 0 1 1 0 0 1 0 1 0 0 1 1 1 1 0 1 
1 1 0 1 0 0 1 0 0 1 0 0 0 0 1 1 1 1 0 0 
1 1 0 1 0 1 1 1 0 1 0 1 0 0 1 1 1 1 0 1 
1 0 0 1 0 0 0 0 1 0 0 0 0 1 0 0 0 0 0 0 
1 1 0 1 0 0 0 0 0 1 0 0 0 0 1 1 1 1 0 0 
1 0 0 1 0 0 0 0 1 0 1 0 0 1 0 0 0 0 0 0 
0 0 0 0 0 0 0 0 0 0 0 1 0 0 0 0 0 0 0 0 
1 1 0 1 0 0 0 0 0 1 0 0 1 0 1 1 1 1 0 0 
1 0 0 1 0 0 0 0 1 0 0 0 0 1 0 0 0 0 0 0 
1 1 0 1 0 0 0 0 0 1 0 0 0 0 1 1 1 1 0 0 
1 1 0 1 0 0 0 0 0 1 0 0 0 0 1 1 1 1 0 0 
1 1 0 1 0 0 0 0 0 1 0 0 0 0 1 1 1 1 0 0 
1 1 0 1 0 0 0 0 0 1 0 0 0 0 1 1 1 1 0 0 
1 1 0 1 0 0 0 0 0 1 0 0 0 0 1 1 1 1 1 0 
1 1 0 1 0 0 1 0 0 1 0 1 0 0 1 1 1 1 0 1 

6 5 8 7 2 3 8 4 
9 8 9 4 6 2 6 7 
8 1 9 6 9 8 4 7 
7 2 4 5 7 6 2 2 
9 5 6 9 2 1 8 4 
3 4 3 1 2 1 1 1 
7 2 8 8 7 0 6 2 
1 7 7 0 4 7 0 7 
7 4 0 5 2 4 9 2 
3 1 1 5 8 0 4 7 
7 9 9 2 6 3 4 2 
2 1 1 0 0 4 4 5 
3 4 6 9 9 7 6 5 
7 6 1 1 8 6 0 0 
6 8 3 1 0 0 3 8 
1 5 6 0 7 7 0 3 
1 3 8 3 5 2 0 0 
0 9 2 3 0 9 2 2 
6 7 5 8 0 1 4 3 
4 1 2 4 4 5 7 2 
