20
8
3

1 0 0 0 0 0 0 0 0 0 0 0 0 0 0 0 0 0 0 0 
0 1 0 0 0 0 0 0 0 0 0 0 0 0 0 0 0 0 0 0 
0 0 1 0 0 0 0 0 0 0 0 0 0 0 0 0 0 0 0 0 
1 0 1 1 1 1 1 1 0 1 1 0 0 1 1 1 1 1 1 1 
1 0 1 1 1 1 1 1 0 1 1 0 0 1 1 1 1 1 1 1 
1 0 1 1 1 1 1 1 0 1 1 0 0 1 1 1 1 1 1 1 
1 0 1 1 1 1 1 1 0 1 1 0 0 1 1 1 1 1 1 1 
1 0 1 1 1 1 1 1 0 1 1 0 0 1 1 1 1 1 1 1 
1 0 1 1 1 1 1 1 1 1 1 0 0 1 1 1 1 1 1 1 
1 0 1 1 1 1 1 1 0 1 1 0 0 1 1 1 1 1 1 1 
1 0 1 1 1 1 1 1 0 1 1 0 0 1 1 1 1 1 1 1 
0 0 1 0 0 0 0 0 0 0 0 1 0 0 0 0 0 0 0 0 
1 0 1 1 1 1 1 1 0 1 1 0 1 1 1 1 1 1 1 1 
1 0 1 1 1 1 1 1 0 1 1 0 0 1 1 1 1 1 1 1 
0 0 0 0 0 0 0 0 0 0 0 0 0 0 1 0 0 0 0 0 
1 0 1 1 1 1 1 1 0 1 1 0 0 1 1 1 1 1 1 1 
1 0 1 1 1 1 1 1 0 1 1 0 0 1 1 1 1 1 1 1 
1 0 1 1 1 1 1 1 0 1 1 0 0 1 1 1 1 1 1 1 
1 0 1 1 1 1 1 1 0 1 1 0 0 1 1 1 1 1 1 1 
1 0 1 1 1 1 1 1 0 1 1 0 0 1 1 1 1 1 1 1 

5 0 7 0 1 2 8 8 
7 7 6 2 7 4 6 1 
9 1 5 3 7 6 3 1 
5 7 9 4 1 6 3 9 
7 3 3 5 5 1 5 8 
2 5 5 7 7 1 2 5 
4 4 3 8 3 3 8 8 
9 6 4 1 8 4 2 9 
2 3 0 3 5 0 9 8 
4 8 8 5 8 6 7 6 
6 8 6 8 3 1 2 5 
8 6 0 4 9 1 4 5 
3 7 2 0 0 2 3 4 
0 3 9 1 9 3 0 4 
9 3 5 8 6 9 9 9 
0 6 7 7 3 4 4 6 
9 7 3 5 5 5 5 3 
8 0 9 0 0 9 1 0 
6 9 7 3 7 5 0 7 
6 4 0 1 9 0 5 3 
