20
8
3

1 0 1 0 0 0 0 1 0 1 0 1 1 0 0 0 0 1 1 1 
0 1 1 0 1 0 1 1 0 1 0 1 1 0 0 0 1 1 1 1 
0 0 1 0 0 0 0 1 0 0 0 0 0 0 0 0 0 0 0 0 
0 0 1 1 0 0 0 1 0 1 0 1 1 0 0 0 0 1 1 1 
0 0 1 0 1 0 0 1 0 0 0 0 0 0 0 0 0 0 0 0 
0 0 1 0 0 1 0 1 0 1 0 1 1 0 0 0 0 1 1 1 
0 1 1 0 1 0 1 1 0 1 0 1 1 0 0 0 1 1 1 1 
0 0 1 0 0 0 0 1 0 0 0 0 0 0 0 0 0 0 0 0 
0 0 1 0 1 0 0 1 1 0 0 0 0 0 0 0 0 0 0 0 
0 0 1 0 0 0 0 1 0 1 0 1 1 0 0 0 0 1 1 1 
0 0 1 1 1 0 0 1 0 1 1 1 1 0 0 0 1 1 1 1 
0 0 1 0 0 0 0 1 0 1 0 1 1 0 0 0 0 1 1 1 
0 0 1 0 0 0 0 1 0 1 0 1 1 0 0 0 0 1 1 1 
0 0 1 0 0 0 0 1 0 1 0 1 1 1 0 0 0 1 1 1 
0 0 1 0 0 0 0 1 0 1 0 1 1 1 1 0 0 1 1 1 
0 0 0 0 0 0 0 0 0 0 0 0 0 0 0 1 0 0 0 0 
0 0 1 0 1 0 0 1 0 1 0 1 1 0 0 0 1 1 1 1 
0 0 1 0 0 0 0 1 0 1 0 1 1 0 0 0 0 1 1 1 
0 0 1 0 0 0 0 1 0 1 0 1 1 0 0 0 0 1 1 1 
0 0 1 0 0 0 0 1 0 1 0 1 1 0 0 0 0 1 1 1 

9 3 6 4 2 8 5 4 
0 1 6 2 8 8 3 0 
8 2 8 1 9 3 3 4 
1 3 1 7 7 6 1 1 
7 4 5 1 3 1 8 6 
6 0 7 3 8 2 0 4 
2 4 2 2 0 9 0 6 
6 4 3 0 1 1 7 0 
3 8 6 7 9 0 1 8 
8 2 0 7 6 4 7 5 
7 6 5 4 2 9 4 3 
2 0 5 8 4 2 8 3 
7 2 8 5 1 8 8 4 
8 9 3 0 3 1 8 0 
3 4 4 8 4 7 7 1 
0 0 9 6 9 8 4 0 
2 8 0 5 5 1 1 8 
9 5 7 0 4 5 9 2 
5 4 6 9 5 1 0 8 
6 4 8 8 3 4 0 8 
