20
8
3

1 1 0 1 1 1 1 0 0 1 0 0 0 1 1 1 1 1 0 0 
1 1 0 1 1 1 1 0 0 1 0 0 0 1 1 1 1 1 0 0 
1 1 1 1 1 1 1 0 0 1 0 0 0 1 1 1 1 1 0 0 
0 0 0 1 0 0 0 0 0 0 0 0 0 0 0 0 0 0 0 0 
0 0 0 0 1 0 0 0 0 0 0 0 0 0 0 0 0 0 0 0 
0 0 0 0 0 1 0 0 0 0 0 0 0 0 0 0 0 0 0 0 
1 1 0 1 1 1 1 0 0 1 0 0 0 1 1 1 1 1 0 0 
1 1 0 1 1 1 1 1 0 1 0 0 0 1 1 1 1 1 0 0 
1 1 0 1 1 1 1 0 1 1 1 0 0 1 1 1 1 1 1 0 
1 1 0 1 1 1 1 0 0 1 0 0 0 1 1 1 1 1 0 0 
1 1 0 1 1 1 1 0 0 1 1 0 0 1 1 1 1 1 0 0 
1 1 1 1 1 1 1 0 0 1 0 1 0 1 1 1 1 1 0 0 
1 1 0 1 1 1 1 0 0 1 0 0 1 1 1 1 1 1 0 0 
0 0 0 0 0 0 0 0 0 0 0 0 0 1 0 0 0 0 0 0 
1 1 0 1 1 1 1 0 0 1 0 0 0 1 1 1 1 1 0 0 
0 0 0 0 0 0 0 0 0 0 0 0 0 0 0 1 0 0 0 0 
1 1 0 1 1 1 1 0 0 1 0 0 0 1 1 1 1 1 0 0 
0 0 0 1 0 0 0 0 0 0 0 0 0 0 0 1 0 1 0 0 
0 0 0 1 0 0 0 0 0 0 0 0 0 0 0 1 0 1 1 0 
1 1 0 1 1 1 1 0 0 1 0 0 0 1 1 1 1 1 0 1 

5 3 6 7 4 6 1 1 
5 4 9 2 4 0 8 1 
7 4 8 8 6 1 3 8 
3 0 8 7 4 4 8 4 
8 7 6 6 2 0 6 1 
3 9 5 2 7 0 5 1 
5 3 5 3 6 5 1 2 
5 1 4 2 0 1 6 5 
5 6 4 8 7 7 8 4 
5 0 5 8 0 3 0 3 
5 6 9 1 2 2 8 5 
9 3 6 5 4 1 6 7 
5 1 6 9 4 2 2 9 
2 8 6 5 0 3 6 8 
7 2 2 0 8 6 7 9 
5 6 1 0 5 9 2 5 
2 9 4 8 1 0 2 6 
4 2 5 1 4 2 3 2 
7 0 4 3 6 8 2 9 
3 4 5 8 0 3 1 7 
