20
8
3

1 1 1 1 1 1 1 0 1 1 1 1 1 0 1 0 1 0 1 0 
1 1 1 1 1 1 1 0 1 1 1 1 1 0 1 0 1 0 1 0 
1 1 1 1 1 1 1 0 1 1 1 1 1 0 1 0 1 0 1 0 
1 1 1 1 1 1 1 0 1 1 1 1 1 0 1 0 1 0 1 0 
1 1 1 1 1 1 1 0 1 1 1 1 1 0 1 0 1 0 1 0 
0 0 0 0 0 1 0 0 0 0 0 0 0 0 0 0 0 0 0 0 
0 0 0 0 0 0 1 0 0 0 0 0 0 0 0 0 0 0 0 0 
1 1 1 1 1 1 1 1 1 1 1 1 1 0 1 0 1 0 1 0 
1 1 1 1 1 1 1 0 1 1 1 1 1 0 1 0 1 0 1 0 
1 1 1 1 1 1 1 0 1 1 1 1 1 0 1 0 1 0 1 0 
1 1 1 1 1 1 1 0 1 1 1 1 1 0 1 0 1 0 1 0 
1 1 1 1 1 1 1 0 1 1 1 1 1 0 1 0 1 0 1 0 
1 1 1 1 1 1 1 0 1 1 1 1 1 0 1 0 1 0 1 0 
0 0 0 0 0 0 0 0 0 0 0 0 0 1 0 0 0 0 0 0 
1 1 1 1 1 1 1 0 1 1 1 1 1 0 1 0 1 0 1 0 
1 1 1 1 1 1 1 0 1 1 1 1 1 0 1 1 1 0 1 0 
1 1 1 1 1 1 1 0 1 1 1 1 1 0 1 0 1 0 1 0 
0 0 0 0 0 0 0 0 0 0 0 0 0 0 0 0 0 1 0 0 
1 1 1 1 1 1 1 0 1 1 1 1 1 0 1 0 1 0 1 0 
1 1 1 1 1 1 1 0 1 1 1 1 1 0 1 0 1 0 1 1 

6 7 3 5 6 1 8 5 
8 6 9 4 3 1 9 8 
0 6 1 8 6 5 0 1 
8 9 7 4 1 7 5 6 
1 2 6 3 6 8 9 3 
7 2 2 5 5 4 9 7 
9 2 0 7 3 8 1 5 
9 5 1 7 5 8 2 6 
1 0 4 7 6 2 7 7 
3 6 9 1 7 3 3 9 
1 7 8 6 0 0 3 8 
1 6 2 5 4 9 0 7 
4 4 2 0 9 9 3 3 
7 9 1 6 3 2 6 0 
8 6 4 2 5 2 8 3 
3 1 4 9 4 4 5 8 
8 0 9 3 1 8 7 8 
9 6 3 7 4 0 8 0 
1 6 5 7 4 9 9 0 
7 5 3 9 0 9 5 4 
