20
7
3

1 1 0 1 0 1 1 0 1 1 1 1 0 1 1 1 1 1 1 1 
1 1 0 1 0 1 1 0 1 1 1 1 0 1 1 1 1 1 1 1 
1 1 1 1 1 1 1 0 1 1 1 1 0 1 1 1 1 1 1 1 
1 1 0 1 0 1 1 0 1 1 1 1 0 1 1 1 1 1 1 1 
1 1 0 1 1 1 1 0 1 1 1 1 0 1 1 1 1 1 1 1 
1 1 0 1 0 1 1 0 1 1 1 1 0 1 1 1 1 1 1 1 
1 1 0 1 0 1 1 0 1 1 1 1 0 1 1 1 1 1 1 1 
1 1 0 1 0 1 1 1 1 1 1 1 0 1 1 1 1 1 1 1 
1 1 0 1 0 1 1 0 1 1 1 1 0 1 1 1 1 1 1 1 
1 1 0 1 0 1 1 0 1 1 1 1 0 1 1 1 1 1 1 1 
1 1 0 1 0 1 1 0 1 1 1 1 0 1 1 1 1 1 1 1 
1 1 0 1 0 1 1 0 1 1 1 1 0 1 1 1 1 1 1 1 
1 1 1 1 1 1 1 0 1 1 1 1 1 1 1 1 1 1 1 1 
0 0 0 0 0 0 0 0 0 0 0 0 0 1 0 0 0 0 0 0 
1 1 0 1 0 1 1 0 1 1 1 1 0 1 1 1 1 1 1 1 
1 1 0 1 0 1 1 0 1 1 1 1 0 1 1 1 1 1 1 1 
1 1 0 1 0 1 1 0 1 1 1 1 0 1 1 1 1 1 1 1 
1 1 0 1 0 1 1 0 1 1 1 1 0 1 1 1 1 1 1 1 
1 1 0 1 0 1 1 0 1 1 1 1 0 1 1 1 1 1 1 1 
1 1 0 1 0 1 1 0 1 1 1 1 0 1 1 1 1 1 1 1 

9 9 2 6 1 8 4 
0 6 9 5 4 4 1 
8 9 5 7 4 9 5 
1 6 1 2 2 7 0 
5 4 4 7 0 4 9 
8 6 3 4 4 4 4 
8 8 5 5 4 0 8 
2 6 5 0 0 6 6 
4 0 3 8 5 3 1 
3 7 5 7 7 1 3 
7 9 8 7 3 7 1 
6 0 4 5 5 7 8 
8 2 1 8 7 3 3 
6 4 1 8 3 8 9 
4 7 8 0 5 1 2 
4 9 5 8 6 8 0 
6 9 1 9 8 7 9 
5 1 1 9 0 8 1 
6 7 3 4 6 6 9 
2 3 0 4 9 8 2 
