20
8
3

1 0 0 0 0 0 1 1 1 0 0 0 1 1 0 1 0 1 0 0 
1 1 0 0 0 0 1 1 1 0 0 0 1 1 0 1 0 1 0 0 
1 1 1 0 1 0 1 1 1 0 0 0 1 1 0 1 0 1 1 0 
1 1 0 1 1 0 1 1 1 0 0 0 1 1 0 1 0 1 1 0 
1 1 0 0 1 0 1 1 1 0 0 0 1 1 0 1 0 1 1 0 
1 1 0 0 1 1 1 1 1 0 0 0 1 1 0 1 0 1 1 0 
1 0 0 0 0 0 1 1 1 0 0 0 1 1 0 1 0 1 0 0 
0 0 0 0 0 0 0 1 0 0 0 0 0 0 0 0 0 0 0 0 
1 0 0 0 0 0 1 1 1 0 0 0 1 1 0 1 0 1 0 0 
1 0 0 0 0 0 1 1 1 1 0 0 1 1 0 1 0 1 0 0 
1 0 0 0 0 0 1 1 1 1 1 0 1 1 0 1 1 1 0 0 
0 0 0 0 0 0 0 0 0 0 0 1 0 0 0 0 0 0 0 0 
1 0 0 0 0 0 1 1 1 0 0 0 1 1 0 1 0 1 0 0 
0 0 0 0 0 0 0 0 0 0 0 0 0 1 0 0 0 0 0 0 
1 1 0 0 1 1 1 1 1 0 0 0 1 1 1 1 0 1 1 0 
0 0 0 0 0 0 0 1 0 0 0 0 0 0 0 1 0 0 0 0 
1 0 0 0 0 0 1 1 1 1 0 0 1 1 0 1 1 1 0 0 
1 0 0 0 0 0 1 1 1 0 0 0 1 1 0 1 0 1 0 0 
1 1 0 0 1 0 1 1 1 0 0 0 1 1 0 1 0 1 1 0 
1 0 0 0 0 0 1 1 1 0 0 0 1 1 0 1 0 1 0 1 

3 4 5 0 8 7 6 8 
3 4 6 0 5 1 2 7 
7 3 1 7 6 0 5 0 
1 2 8 3 1 1 0 1 
8 4 6 8 6 5 8 7 
4 3 2 0 4 4 9 2 
2 4 7 6 6 8 3 6 
2 6 7 4 1 8 4 8 
5 1 6 8 9 6 1 0 
8 1 9 3 6 8 3 0 
3 3 8 5 1 3 6 2 
0 2 2 2 4 3 1 8 
9 6 5 6 7 4 4 6 
0 1 3 1 1 5 7 7 
8 8 4 8 8 4 9 8 
9 5 4 8 2 2 9 5 
6 6 8 4 8 0 4 9 
5 0 9 5 7 7 7 3 
8 0 0 5 0 3 6 5 
8 0 8 3 7 6 1 4 
