20
8
3

1 0 0 0 0 0 0 0 0 0 0 0 0 0 0 0 0 0 0 0 
0 1 0 1 0 0 0 0 0 0 0 0 0 0 0 0 0 0 0 0 
0 0 1 0 0 0 0 0 0 0 0 1 0 0 0 0 0 0 1 0 
0 1 0 1 0 0 0 0 0 0 0 0 0 0 0 0 0 0 0 0 
0 0 1 0 1 0 0 0 0 0 0 1 0 0 0 0 0 0 1 0 
1 1 1 1 1 1 1 0 0 0 0 1 1 1 0 1 0 1 1 1 
1 1 1 1 1 1 1 0 0 0 0 1 1 1 0 1 0 1 1 1 
1 1 1 1 1 1 1 1 0 1 0 1 1 1 0 1 0 1 1 1 
1 1 1 1 1 1 1 1 1 1 0 1 1 1 0 1 0 1 1 1 
1 1 1 1 1 1 1 1 0 1 0 1 1 1 0 1 0 1 1 1 
0 0 0 0 0 0 0 0 0 0 1 0 0 0 0 0 0 0 1 0 
0 0 1 0 0 0 0 0 0 0 0 1 0 0 0 0 0 0 1 0 
1 1 1 1 1 1 1 0 0 0 0 1 1 1 0 1 0 1 1 1 
1 1 1 1 1 1 1 0 0 0 0 1 1 1 0 1 0 1 1 1 
1 1 1 1 1 1 1 1 1 1 0 1 1 1 1 1 0 1 1 1 
1 1 1 1 1 1 1 0 0 0 0 1 1 1 0 1 0 1 1 1 
0 0 0 0 0 0 0 0 0 0 0 0 0 0 0 0 1 0 0 0 
0 0 0 0 0 0 0 0 0 0 0 0 0 0 0 0 0 1 0 0 
0 0 0 0 0 0 0 0 0 0 0 0 0 0 0 0 0 0 1 0 
1 1 1 1 1 1 1 0 0 0 0 1 1 1 0 1 0 1 1 1 

7 2 5 6 7 3 0 1 
4 5 8 4 6 8 6 2 
0 4 1 9 6 7 8 7 
5 8 4 0 1 4 5 2 
2 6 5 8 2 5 8 7 
3 0 3 3 8 3 0 4 
0 5 1 4 3 7 8 8 
7 0 4 9 1 4 5 1 
0 1 4 9 9 1 6 8 
1 0 8 1 4 8 0 3 
6 8 6 9 6 3 4 8 
7 4 1 3 3 9 0 0 
5 4 4 5 7 1 2 8 
9 7 0 6 8 5 7 0 
1 2 3 9 7 3 5 0 
6 5 5 7 1 5 2 0 
3 9 3 7 2 9 9 3 
5 9 4 2 4 2 0 3 
0 0 6 3 0 2 3 9 
3 6 7 8 0 6 4 4 
