20
8
3

1 1 1 0 1 0 1 1 1 1 1 0 0 0 1 1 1 0 1 1 
0 1 0 0 0 0 1 0 0 0 0 0 0 0 0 0 0 0 0 0 
0 1 1 0 1 0 1 1 1 0 1 0 0 0 1 0 0 0 1 1 
0 1 0 1 1 0 1 1 1 0 1 0 0 0 1 0 0 0 1 1 
0 1 0 0 1 0 1 1 1 0 1 0 0 0 1 0 0 0 1 1 
0 1 0 1 1 1 1 1 1 0 1 0 0 0 1 0 0 0 1 1 
0 0 0 0 0 0 1 0 0 0 0 0 0 0 0 0 0 0 0 0 
0 1 0 0 0 0 1 1 0 0 0 0 0 0 0 0 0 0 0 0 
0 0 0 0 0 0 0 0 1 0 0 0 0 0 0 0 0 0 0 1 
0 1 0 0 1 0 1 1 1 1 1 0 0 0 1 1 0 0 1 1 
0 0 0 0 0 0 0 0 0 0 1 0 0 0 0 0 0 0 0 0 
0 0 0 0 0 0 1 0 0 0 0 1 0 0 0 0 0 0 0 0 
0 1 0 1 1 1 1 1 1 0 1 0 1 0 1 0 0 0 1 1 
0 0 0 0 0 0 0 0 0 0 0 0 0 1 0 0 0 0 0 0 
0 1 0 0 1 0 1 1 1 0 1 0 0 0 1 0 0 0 1 1 
0 1 0 0 1 0 1 1 1 0 1 0 0 0 1 1 0 0 1 1 
0 1 0 0 1 0 1 1 1 1 1 0 0 0 1 1 1 0 1 1 
0 1 1 1 1 1 1 1 1 0 1 0 0 0 1 0 0 1 1 1 
0 1 0 0 1 0 1 1 1 0 1 0 0 0 1 0 0 0 1 1 
0 0 0 0 0 0 0 0 0 0 0 0 0 0 0 0 0 0 0 1 

2 0 4 3 2 9 7 5 
5 0 2 7 6 7 3 4 
8 8 0 5 4 5 1 0 
9 1 5 3 2 0 5 0 
4 7 8 0 1 0 1 3 
4 1 7 7 9 9 5 6 
3 1 8 3 1 1 1 0 
7 4 0 5 3 5 5 4 
5 8 1 6 4 0 2 6 
8 7 1 0 9 1 0 1 
5 1 8 0 6 5 7 0 
0 4 7 2 3 3 7 7 
2 1 8 9 1 4 4 4 
6 9 4 3 1 7 7 9 
6 2 8 0 2 2 0 9 
2 6 8 3 6 4 6 3 
2 1 7 3 1 8 8 9 
4 1 1 9 6 2 5 7 
2 9 0 4 6 3 3 5 
7 7 8 3 9 9 5 5 
