20
8
3

1 0 0 0 0 0 0 0 0 0 0 0 0 0 0 0 0 1 0 0 
1 1 0 0 0 0 0 0 0 0 0 0 0 0 0 0 0 1 0 0 
1 1 1 0 1 1 1 1 1 1 0 1 0 1 0 1 1 1 1 1 
1 1 1 1 1 1 1 1 1 1 0 1 0 1 0 1 1 1 1 1 
1 1 1 0 1 1 1 1 1 1 0 1 0 1 0 1 1 1 1 1 
0 0 0 0 0 1 0 0 0 0 0 0 0 0 0 0 0 0 0 0 
1 1 0 0 0 0 1 0 0 0 0 0 0 0 0 0 0 1 0 0 
1 1 1 0 1 1 1 1 1 1 0 1 0 1 0 1 1 1 1 1 
1 0 0 0 0 0 0 0 1 0 0 0 0 0 0 0 0 1 0 1 
1 1 0 0 0 0 0 0 0 1 0 0 0 0 0 1 0 1 0 0 
0 0 0 0 0 0 0 0 0 0 1 0 0 0 0 0 0 0 0 0 
1 1 1 0 1 1 1 1 1 1 0 1 0 1 0 1 1 1 1 1 
1 1 1 1 1 1 1 1 1 1 0 1 1 1 0 1 1 1 1 1 
1 1 1 0 1 1 1 1 1 1 0 1 0 1 0 1 1 1 1 1 
1 1 1 0 1 1 1 1 1 1 0 1 0 1 1 1 1 1 1 1 
0 0 0 0 0 0 0 0 0 0 0 0 0 0 0 1 0 0 0 0 
1 1 1 0 1 1 1 1 1 1 0 1 0 1 0 1 1 1 1 1 
1 0 0 0 0 0 0 0 0 0 0 0 0 0 0 0 0 1 0 0 
1 1 1 0 1 1 1 1 1 1 0 1 0 1 0 1 1 1 1 1 
0 0 0 0 0 0 0 0 0 0 0 0 0 0 0 0 0 0 0 1 

1 6 2 8 2 2 0 4 
0 8 9 8 6 0 3 0 
1 1 7 9 1 6 1 1 
2 5 9 9 9 0 2 5 
4 5 0 6 2 0 3 2 
4 6 8 0 3 3 7 9 
2 9 9 8 3 8 6 3 
1 5 5 8 2 5 4 2 
7 4 4 7 7 4 9 7 
2 4 2 8 5 2 2 6 
3 3 3 6 7 9 8 3 
3 4 8 7 4 1 3 9 
3 5 4 6 8 8 4 7 
2 4 7 8 7 2 1 6 
0 3 5 0 6 3 3 5 
4 2 0 9 5 3 5 8 
1 0 9 8 2 4 1 8 
7 2 1 7 5 6 9 9 
8 2 5 8 6 1 3 3 
4 6 6 0 1 8 2 8 
