20
8
3

1 0 0 0 0 0 0 0 0 0 0 0 0 0 0 0 0 0 0 0 
1 1 1 0 0 1 0 0 1 0 1 0 0 1 0 0 1 1 1 0 
0 0 1 0 0 0 0 0 0 0 1 0 0 0 0 0 0 0 0 0 
1 0 1 1 0 1 0 0 0 1 1 0 0 0 0 0 0 0 0 0 
0 0 0 0 1 0 0 0 0 0 0 0 0 0 0 0 0 0 0 0 
0 0 0 0 0 1 0 0 0 0 0 0 0 0 0 0 0 0 0 0 
1 0 1 0 0 1 1 0 1 0 1 0 0 1 0 0 1 1 1 0 
0 0 1 0 0 0 0 1 0 0 1 0 0 0 0 0 0 0 1 0 
1 0 1 0 0 0 0 0 1 0 1 0 0 1 0 0 0 0 0 0 
1 0 1 0 0 0 0 0 0 1 1 0 0 0 0 0 0 0 0 0 
0 0 0 0 0 0 0 0 0 0 1 0 0 0 0 0 0 0 0 0 
1 0 1 0 0 1 1 0 1 0 1 1 0 1 0 1 1 1 1 0 
0 0 0 0 0 0 0 0 0 0 0 0 1 0 0 0 0 0 0 0 
0 0 0 0 0 0 0 0 0 0 0 0 0 1 0 0 0 0 0 0 
0 0 0 0 0 0 0 0 0 0 0 0 0 0 1 0 0 0 1 0 
1 0 1 0 0 1 1 0 1 0 1 0 0 1 0 1 1 1 1 0 
1 0 1 0 0 1 0 0 1 0 1 0 0 1 0 0 1 1 1 0 
1 0 1 0 0 1 0 0 1 0 1 0 0 1 0 0 0 1 0 0 
0 0 0 0 0 0 0 0 0 0 0 0 0 0 0 0 0 0 1 0 
0 0 0 0 0 0 0 0 0 0 0 0 0 0 0 0 0 0 0 1 

2 4 8 1 7 1 7 9 
9 8 8 3 1 6 1 4 
3 0 6 2 0 7 4 5 
0 0 5 4 2 5 0 0 
2 4 1 3 2 6 9 0 
8 6 9 8 7 1 8 8 
4 3 3 8 9 9 9 2 
7 5 4 3 0 9 4 2 
7 4 2 9 3 3 9 5 
1 0 9 3 9 4 6 4 
2 4 9 7 8 0 2 9 
6 3 1 3 8 5 9 4 
0 6 4 9 9 1 3 8 
6 7 1 3 6 6 1 6 
8 2 7 9 7 4 8 0 
8 5 3 9 7 1 6 5 
2 8 8 1 1 5 6 3 
6 0 4 5 5 2 1 9 
6 5 1 4 7 9 6 2 
7 4 2 4 4 7 8 4 
