20
7
3

1 0 1 1 1 1 1 0 1 1 1 0 1 1 0 1 1 1 0 1 
1 1 1 1 1 1 1 0 1 1 1 1 1 1 1 1 1 1 0 1 
1 0 1 1 1 1 1 0 1 1 1 0 1 1 0 1 1 1 0 1 
1 0 1 1 1 1 1 0 1 1 1 0 1 1 0 1 1 1 0 1 
1 0 1 1 1 1 1 0 1 1 1 0 1 1 0 1 1 1 0 1 
0 0 0 0 0 1 0 0 0 0 0 0 0 0 0 0 0 0 0 0 
1 0 1 1 1 1 1 0 1 1 1 0 1 1 0 1 1 1 0 1 
1 0 1 1 1 1 1 1 1 1 1 0 1 1 0 1 1 1 0 1 
1 0 1 1 1 1 1 0 1 1 1 0 1 1 0 1 1 1 0 1 
1 0 1 1 1 1 1 0 1 1 1 0 1 1 0 1 1 1 0 1 
1 0 1 1 1 1 1 0 1 1 1 0 1 1 0 1 1 1 0 1 
1 0 1 1 1 1 1 0 1 1 1 1 1 1 0 1 1 1 0 1 
1 0 1 1 1 1 1 0 1 1 1 0 1 1 0 1 1 1 0 1 
0 0 0 0 0 1 0 0 0 0 0 0 0 1 0 0 0 0 0 0 
1 0 1 1 1 1 1 0 1 1 1 0 1 1 1 1 1 1 0 1 
1 0 1 1 1 1 1 0 1 1 1 0 1 1 0 1 1 1 0 1 
1 0 1 1 1 1 1 0 1 1 1 0 1 1 0 1 1 1 0 1 
1 0 1 1 1 1 1 0 1 1 1 0 1 1 0 1 1 1 0 1 
1 1 1 1 1 1 1 0 1 1 1 1 1 1 1 1 1 1 1 1 
1 0 1 1 1 1 1 0 1 1 1 0 1 1 0 1 1 1 0 1 

7 7 4 5 5 4 9 
2 6 0 2 3 4 5 
2 1 1 2 5 3 3 
6 7 8 5 2 7 5 
0 2 5 3 8 5 7 
0 1 5 7 7 4 5 
8 1 2 1 3 1 8 
1 5 6 7 1 8 9 
2 7 8 3 2 2 3 
1 7 6 5 5 9 4 
0 1 6 1 2 9 7 
2 9 8 4 7 3 3 
6 0 2 2 4 8 3 
4 3 6 5 2 7 6 
2 7 1 6 2 6 7 
9 9 6 0 7 5 8 
0 6 8 9 3 3 4 
0 4 0 0 1 3 3 
0 0 7 8 7 0 9 
7 1 0 6 8 8 7 
