20
8
3

1 0 1 1 0 1 0 1 0 1 0 1 1 0 0 1 1 0 1 1 
0 1 1 1 0 1 0 1 1 1 0 1 1 1 1 1 1 1 1 1 
0 0 1 0 0 0 0 0 0 0 0 0 0 0 0 0 0 0 0 0 
0 0 1 1 0 1 0 1 0 1 0 1 1 0 0 1 1 0 1 1 
0 0 1 1 1 1 1 1 1 1 0 1 1 1 1 1 1 1 1 1 
0 0 1 1 0 1 0 1 0 1 0 1 1 0 0 1 1 0 1 1 
0 0 1 1 0 1 1 1 0 1 0 1 1 0 0 1 1 0 1 1 
0 0 1 1 0 1 0 1 0 1 0 1 1 0 0 1 1 0 1 1 
0 0 1 1 0 1 0 1 1 1 0 1 1 1 1 1 1 1 1 1 
0 0 1 1 0 1 0 1 0 1 0 1 1 0 0 1 1 0 1 1 
0 0 0 0 0 0 0 0 0 0 1 0 0 0 0 0 0 0 0 0 
0 0 1 1 0 1 0 1 0 1 0 1 1 0 0 1 1 0 1 1 
0 0 1 1 0 1 0 1 0 1 0 1 1 0 0 1 1 0 1 1 
0 0 1 1 0 1 0 1 1 1 0 1 1 1 1 1 1 1 1 1 
0 0 1 1 0 1 0 1 1 1 0 1 1 1 1 1 1 1 1 1 
0 0 1 1 0 1 0 1 0 1 0 1 1 0 0 1 1 0 1 1 
0 0 1 1 0 1 0 1 0 1 0 1 1 0 0 1 1 0 1 1 
0 0 1 1 0 1 0 1 1 1 0 1 1 1 1 1 1 1 1 1 
0 0 1 1 0 1 0 1 0 1 0 1 1 0 0 1 1 0 1 1 
0 0 1 1 0 1 0 1 0 1 0 1 1 0 0 1 1 0 1 1 

1 2 9 0 5 4 4 4 
1 1 6 5 0 3 0 6 
8 1 9 1 7 2 9 7 
6 7 4 6 3 5 2 5 
1 4 2 7 5 4 8 2 
3 5 9 5 2 2 1 3 
8 9 5 7 2 6 4 3 
4 4 5 5 9 9 7 4 
9 8 6 1 1 3 8 9 
2 9 0 2 9 6 9 4 
4 4 2 1 9 1 6 7 
0 3 4 5 5 7 9 0 
8 0 2 3 2 9 3 8 
7 8 7 8 3 6 8 6 
9 1 6 3 0 8 1 7 
1 2 7 1 4 5 1 5 
0 6 6 3 9 7 6 7 
0 4 0 7 0 7 8 7 
6 9 1 7 4 2 1 2 
4 8 1 2 6 2 4 0 
