20
8
3

1 1 1 0 1 1 1 1 1 1 1 1 0 0 1 1 1 0 1 1 
0 1 0 0 0 0 1 0 0 0 0 0 0 0 0 0 0 0 0 0 
1 1 1 0 1 1 1 1 1 1 1 1 0 0 1 1 1 0 1 1 
1 1 1 1 1 1 1 1 1 1 1 1 1 0 1 1 1 0 1 1 
0 0 0 0 1 0 0 0 0 0 0 0 0 0 0 0 0 0 0 0 
1 1 1 0 1 1 1 1 1 1 1 1 0 0 1 1 1 0 1 1 
0 0 0 0 0 0 1 0 0 0 0 0 0 0 0 0 0 0 0 0 
1 1 1 0 1 1 1 1 1 1 1 1 0 0 1 1 1 0 1 1 
1 1 1 0 1 1 1 1 1 1 1 1 0 0 1 1 1 0 1 1 
1 1 1 0 1 1 1 1 1 1 1 1 0 0 1 1 1 0 1 1 
1 1 1 0 1 1 1 1 1 1 1 1 0 0 1 1 1 0 1 1 
1 1 1 0 1 1 1 1 1 1 1 1 0 0 1 1 1 0 1 1 
1 1 1 0 1 1 1 1 1 1 1 1 1 0 1 1 1 0 1 1 
0 0 0 0 0 0 0 0 0 0 0 0 0 1 0 0 0 0 0 0 
1 1 1 0 1 1 1 1 1 1 1 1 0 0 1 1 1 0 1 1 
1 1 1 0 1 1 1 1 1 1 1 1 0 0 1 1 1 0 1 1 
1 1 1 0 1 1 1 1 1 1 1 1 0 0 1 1 1 0 1 1 
1 1 1 0 1 1 1 1 1 1 1 1 0 0 1 1 1 1 1 1 
1 1 1 0 1 1 1 1 1 1 1 1 0 0 1 1 1 0 1 1 
1 1 1 0 1 1 1 1 1 1 1 1 0 0 1 1 1 0 1 1 

8 2 6 9 1 4 2 2 
4 4 6 2 3 2 2 8 
7 3 0 7 4 8 4 0 
2 7 7 1 5 2 8 2 
1 4 9 5 1 5 1 9 
3 3 7 6 4 3 2 3 
5 4 2 6 6 6 4 6 
5 3 4 9 8 8 4 7 
1 2 9 5 5 3 7 4 
2 0 2 2 4 5 1 7 
4 6 1 9 2 5 6 1 
2 4 3 1 5 9 5 4 
2 0 1 7 7 7 7 7 
0 9 8 3 5 0 3 6 
3 1 9 1 2 3 1 7 
1 4 6 3 7 7 6 2 
8 3 9 7 0 7 5 9 
8 2 0 0 0 0 5 5 
3 0 9 5 1 3 0 3 
7 7 4 6 4 0 0 4 
