20
8
3

1 0 1 1 1 1 1 1 1 0 0 1 1 1 1 1 0 1 1 1 
0 1 1 1 1 1 1 1 1 0 0 1 1 1 1 1 0 1 1 1 
0 0 1 1 1 1 1 1 1 0 0 1 1 1 1 1 0 1 1 1 
0 0 1 1 1 1 1 1 1 0 0 1 1 1 1 1 0 1 1 1 
0 0 1 1 1 1 1 1 1 0 0 1 1 1 1 1 0 1 1 1 
0 0 0 0 0 1 0 0 0 0 0 0 0 0 0 0 0 0 1 0 
0 0 1 1 1 1 1 1 1 0 0 1 1 1 1 1 0 1 1 1 
0 0 1 1 1 1 1 1 1 0 0 1 1 1 1 1 0 1 1 1 
0 0 1 1 1 1 1 1 1 0 0 1 1 1 1 1 0 1 1 1 
0 0 1 1 1 1 1 1 1 1 1 1 1 1 1 1 0 1 1 1 
0 0 1 1 1 1 1 1 1 0 1 1 1 1 1 1 0 1 1 1 
0 0 1 1 1 1 1 1 1 0 0 1 1 1 1 1 0 1 1 1 
0 0 0 0 0 0 0 0 0 0 0 0 1 0 0 0 0 0 0 0 
0 0 1 1 1 1 1 1 1 0 0 1 1 1 1 1 0 1 1 1 
0 0 0 0 0 0 0 0 0 0 0 0 0 0 1 0 0 0 0 0 
0 0 1 1 1 1 1 1 1 0 0 1 1 1 1 1 0 1 1 1 
0 0 0 0 0 0 0 0 0 0 0 0 0 0 0 0 1 0 0 0 
0 0 1 1 1 1 1 1 1 0 0 1 1 1 1 1 0 1 1 1 
0 0 0 0 0 0 0 0 0 0 0 0 0 0 0 0 0 0 1 0 
0 0 1 1 1 1 1 1 1 0 0 1 1 1 1 1 0 1 1 1 

9 4 8 6 3 1 3 8 
3 3 3 2 4 0 2 6 
3 8 6 7 7 5 1 9 
2 7 7 6 4 8 1 8 
5 7 8 4 5 0 6 6 
6 8 7 5 1 9 6 8 
3 3 7 7 4 9 8 3 
2 4 7 4 3 0 0 7 
4 2 2 4 4 2 0 6 
3 7 2 4 5 7 4 3 
2 9 3 0 2 3 4 2 
4 8 0 5 5 4 4 6 
1 6 4 2 0 6 3 7 
8 3 2 5 4 7 5 6 
3 8 9 1 0 9 8 4 
5 5 7 5 3 6 1 5 
6 8 4 5 4 9 5 1 
4 1 3 3 3 1 5 8 
9 7 4 8 6 9 3 8 
3 8 0 6 8 9 4 5 
