20
8
3

1 0 0 0 0 0 0 0 0 0 0 0 0 0 0 0 0 0 0 0 
0 1 1 0 0 0 0 0 0 0 1 0 0 0 0 0 0 0 0 0 
0 0 1 0 0 0 0 0 0 0 0 0 0 0 0 0 0 0 0 0 
0 0 1 1 0 1 0 0 0 0 0 0 0 0 0 0 0 0 0 0 
0 0 0 0 1 0 0 0 0 0 0 0 0 0 0 0 0 0 0 0 
0 0 1 0 0 1 0 0 0 0 0 0 0 0 0 0 0 0 0 0 
0 0 1 0 1 1 1 1 0 1 0 1 0 0 1 0 0 0 0 0 
0 0 0 0 0 0 0 1 0 0 0 0 0 0 0 0 0 0 0 0 
0 0 1 0 1 1 0 1 1 1 0 1 0 0 1 0 0 0 0 0 
0 0 1 0 1 1 0 1 0 1 0 1 0 0 1 0 0 0 0 0 
0 0 0 0 0 0 0 0 0 0 1 0 0 0 0 0 0 0 0 0 
0 0 1 0 0 1 0 0 0 0 0 1 0 0 0 0 0 0 0 0 
1 1 1 0 1 1 0 1 0 1 1 1 1 1 1 1 0 0 1 1 
0 0 1 0 0 1 0 0 0 0 0 0 0 1 0 0 0 0 0 0 
0 0 1 0 1 1 0 1 0 1 0 1 0 0 1 0 0 0 0 0 
0 1 1 0 1 1 0 1 0 1 1 1 0 0 1 1 0 0 1 1 
1 1 1 0 1 1 0 1 0 1 1 1 1 1 1 1 1 0 1 1 
0 0 1 0 1 1 0 1 0 1 0 1 0 0 1 0 0 1 1 0 
0 0 1 0 1 1 0 1 0 1 0 1 0 0 1 0 0 0 1 0 
0 0 1 0 1 1 0 1 0 1 1 1 0 0 1 0 0 0 1 1 

3 2 6 0 3 3 8 1 
7 0 4 0 9 9 8 9 
8 2 1 0 5 0 6 6 
0 5 8 4 4 0 1 7 
2 1 0 3 3 8 2 7 
3 2 0 7 0 4 3 6 
4 1 4 8 3 8 1 3 
4 6 6 6 4 3 9 9 
1 3 1 6 3 7 7 8 
1 8 1 7 0 3 5 9 
5 0 4 9 1 2 1 2 
1 1 1 5 8 9 3 1 
5 5 8 9 3 4 0 9 
7 5 1 1 1 7 8 4 
9 5 5 9 1 4 7 6 
0 4 1 6 8 0 2 8 
9 3 2 2 5 8 2 4 
2 8 8 4 7 0 0 7 
6 5 9 6 9 5 9 7 
1 3 0 5 3 8 6 3 
