20
8
3

1 1 0 1 1 1 1 0 1 0 1 1 1 1 1 0 1 1 1 0 
0 1 0 1 1 1 1 0 1 0 1 1 1 1 1 0 1 1 1 0 
0 1 1 1 1 1 1 0 1 0 1 1 1 1 1 0 1 1 1 0 
0 1 0 1 1 1 1 0 1 0 1 1 1 1 1 0 1 1 1 0 
0 1 0 1 1 1 1 0 1 0 1 1 1 1 1 0 1 1 1 0 
0 1 0 1 1 1 1 0 1 0 1 1 1 1 1 0 1 1 1 0 
0 0 0 0 0 0 1 0 0 0 0 0 0 0 0 0 0 0 0 0 
0 0 0 0 0 0 0 1 0 0 0 0 0 0 0 0 0 0 0 0 
0 1 0 1 1 1 1 0 1 0 1 1 1 1 1 0 1 1 1 0 
0 1 0 1 1 1 1 0 1 1 1 1 1 1 1 0 1 1 1 0 
0 1 0 1 1 1 1 0 1 0 1 1 1 1 1 0 1 1 1 0 
0 1 0 1 1 1 1 0 1 0 1 1 1 1 1 0 1 1 1 0 
0 1 0 1 1 1 1 0 1 0 1 1 1 1 1 0 1 1 1 0 
0 1 0 1 1 1 1 0 1 0 1 1 1 1 1 0 1 1 1 0 
0 1 0 1 1 1 1 0 1 0 1 1 1 1 1 0 1 1 1 0 
0 1 0 1 1 1 1 0 1 0 1 1 1 1 1 1 1 1 1 0 
0 0 0 0 0 0 0 0 0 0 0 0 0 0 0 0 1 0 0 0 
0 1 0 1 1 1 1 0 1 0 1 1 1 1 1 0 1 1 1 0 
0 0 0 0 0 0 0 0 0 0 0 0 0 0 0 0 0 0 1 0 
0 1 0 1 1 1 1 0 1 0 1 1 1 1 1 0 1 1 1 1 

1 0 7 5 5 1 8 3 
9 1 7 2 0 0 4 2 
6 8 6 0 5 2 2 6 
7 4 5 7 7 0 0 9 
1 7 9 5 3 2 6 5 
9 1 6 5 5 8 6 1 
5 9 7 2 1 4 0 3 
2 0 3 1 1 8 1 1 
8 2 5 2 8 0 3 5 
2 7 4 7 4 9 2 6 
2 0 9 3 1 6 6 2 
9 6 8 1 3 6 2 5 
1 4 1 2 1 4 6 6 
8 2 3 2 1 0 9 2 
9 3 8 2 0 0 5 3 
1 4 6 5 1 7 8 3 
1 6 7 7 0 1 8 2 
7 8 3 0 5 5 7 1 
5 0 2 3 1 4 2 4 
0 7 0 6 2 0 4 0 
