100
41
3

1 0 0 0 0 0 0 0 1 0 0 0 0 0 0 0 0 0 0 1 0 0 0 0 0 0 0 0 1 0 0 0 0 0 0 0 0 0 0 1 1 0 0 0 0 0 0 0 0 0 0 0 0 0 0 0 0 0 0 0 0 0 0 0 0 0 0 0 0 0 0 0 0 0 0 0 1 0 0 0 0 0 0 0 0 0 0 0 0 0 0 0 0 0 0 0 0 0 0 0 
1 1 1 0 1 1 1 0 1 1 0 0 0 0 1 1 0 0 0 1 0 0 1 1 1 1 0 0 1 0 0 0 0 1 1 0 0 0 0 1 1 0 1 0 0 0 0 1 0 1 0 0 0 0 0 0 0 0 1 0 0 1 1 1 0 0 0 1 0 0 1 0 1 0 1 0 1 1 0 0 0 0 0 1 0 0 1 0 1 0 0 1 0 0 0 1 0 0 0 1 
1 0 1 0 0 1 0 0 1 1 0 0 0 0 0 1 0 0 0 1 0 0 0 1 0 1 0 0 1 0 0 0 0 0 1 0 0 0 0 1 1 0 0 0 0 0 0 0 0 1 0 0 0 0 0 0 0 0 0 0 0 1 1 1 0 0 0 1 0 0 0 0 1 0 0 0 1 0 0 0 0 0 0 1 0 0 1 0 0 0 0 1 0 0 0 0 0 0 0 1 
1 0 0 1 0 1 0 0 1 0 1 0 0 0 0 1 1 0 0 1 0 1 0 0 0 1 0 0 1 0 0 0 0 0 1 1 0 0 0 1 1 0 0 0 0 0 0 0 0 0 0 0 0 0 1 0 0 0 0 0 0 0 1 0 1 1 0 1 0 0 0 0 1 0 0 1 1 0 0 0 1 0 0 0 1 0 1 1 0 0 0 0 0 0 1 0 0 0 0 1 
1 0 1 0 1 1 1 0 1 1 0 0 0 0 1 1 0 0 0 1 0 0 1 1 0 1 0 0 1 0 0 0 0 1 1 0 0 0 0 1 1 0 1 0 0 0 0 1 0 1 0 0 0 0 0 0 0 0 1 0 0 1 1 1 0 0 0 1 0 0 1 0 1 0 0 0 1 1 0 0 0 0 0 1 0 0 1 0 0 0 0 1 0 0 0 0 0 0 0 1 
1 0 0 0 0 1 0 0 1 0 0 0 0 0 0 1 0 0 0 1 0 0 0 0 0 1 0 0 1 0 0 0 0 0 1 0 0 0 0 1 1 0 0 0 0 0 0 0 0 0 0 0 0 0 0 0 0 0 0 0 0 0 1 0 0 0 0 1 0 0 0 0 1 0 0 0 1 0 0 0 0 0 0 0 0 0 1 0 0 0 0 0 0 0 0 0 0 0 0 1 
1 0 1 0 1 1 1 0 1 1 0 0 0 0 1 1 0 0 0 1 0 0 1 1 0 1 0 0 1 0 0 0 0 1 1 0 0 0 0 1 1 0 1 0 0 0 0 1 0 1 0 0 0 0 0 0 0 0 1 0 0 1 1 1 0 0 0 1 0 0 1 0 1 0 0 0 1 1 0 0 0 0 0 1 0 0 1 0 0 0 0 1 0 0 0 0 0 0 0 1 
1 0 0 1 0 1 0 1 1 0 1 0 0 0 0 1 1 0 0 1 1 1 0 0 0 1 0 0 1 0 0 0 0 0 1 1 0 0 0 1 1 0 0 0 0 0 0 0 0 0 0 0 0 0 1 0 0 0 0 1 0 0 1 1 1 1 0 1 0 0 0 0 1 0 0 1 1 0 0 0 1 0 0 1 1 0 1 1 0 0 0 1 0 0 1 0 0 0 0 1 
1 0 0 0 0 0 0 0 1 0 0 0 0 0 0 0 0 0 0 1 0 0 0 0 0 0 0 0 1 0 0 0 0 0 0 0 0 0 0 1 1 0 0 0 0 0 0 0 0 0 0 0 0 0 0 0 0 0 0 0 0 0 0 0 0 0 0 0 0 0 0 0 0 0 0 0 1 0 0 0 0 0 0 0 0 0 0 0 0 0 0 0 0 0 0 0 0 0 0 0 
1 0 1 0 0 1 0 0 1 1 0 0 0 0 0 1 0 0 0 1 0 0 0 1 0 1 0 0 1 0 0 0 0 0 1 0 0 0 0 1 1 0 0 0 0 0 0 0 0 1 0 0 0 0 0 0 0 0 0 0 0 1 1 1 0 0 0 1 0 0 0 0 1 0 0 0 1 0 0 0 0 0 0 1 0 0 1 0 0 0 0 1 0 0 0 0 0 0 0 1 
0 0 0 0 0 0 0 0 0 0 1 0 0 0 0 0 0 0 0 1 0 1 0 0 0 0 0 0 0 0 0 0 0 0 0 1 0 0 0 0 0 0 0 0 0 0 0 0 0 0 0 0 0 0 0 0 0 0 0 0 0 0 0 0 1 0 0 0 0 0 0 0 0 0 0 0 0 0 0 0 1 0 0 0 0 0 0 0 0 0 0 0 0 0 0 0 0 0 0 0 
1 1 1 1 1 1 1 1 1 1 1 1 1 0 1 1 1 1 1 1 1 1 1 1 1 1 1 0 1 0 0 1 0 1 1 1 0 1 0 1 1 0 1 0 1 0 1 1 0 1 0 1 0 1 1 0 1 0 1 1 0 1 1 1 1 1 0 1 0 0 1 0 1 1 1 1 1 1 1 0 1 0 0 1 1 0 1 1 1 1 0 1 0 0 1 1 1 0 0 1 
1 1 1 0 1 1 1 0 1 1 0 0 1 0 1 1 0 1 0 1 0 0 1 1 1 1 0 0 1 0 0 0 0 1 1 0 0 0 0 1 1 0 1 0 0 0 0 1 0 1 0 0 0 0 0 0 0 0 1 0 0 1 1 1 0 0 0 1 0 0 1 0 1 0 1 0 1 1 1 0 0 0 0 1 0 0 1 0 1 0 0 1 0 0 0 1 0 0 0 1 
0 0 0 0 0 0 0 0 0 0 0 0 0 1 1 0 0 0 0 0 0 0 0 0 0 1 0 0 0 0 0 0 0 0 0 0 0 0 0 0 0 0 0 0 0 0 0 0 0 1 0 0 0 0 0 0 0 0 1 0 0 0 0 0 0 0 0 1 0 0 0 0 0 0 1 0 0 1 0 0 0 0 0 0 0 0 1 0 1 0 0 1 0 0 0 0 0 0 0 1 
0 0 0 0 0 0 0 0 0 0 0 0 0 0 1 0 0 0 0 0 0 0 0 0 0 1 0 0 0 0 0 0 0 0 0 0 0 0 0 0 0 0 0 0 0 0 0 0 0 1 0 0 0 0 0 0 0 0 1 0 0 0 0 0 0 0 0 1 0 0 0 0 0 0 0 0 0 1 0 0 0 0 0 0 0 0 1 0 0 0 0 1 0 0 0 0 0 0 0 1 
1 0 0 0 0 1 0 0 1 0 0 0 0 0 0 1 0 0 0 1 0 0 0 0 0 1 0 0 1 0 0 0 0 0 1 0 0 0 0 1 1 0 0 0 0 0 0 0 0 0 0 0 0 0 0 0 0 0 0 0 0 0 1 0 0 0 0 1 0 0 0 0 1 0 0 0 1 0 0 0 0 0 0 0 0 0 1 0 0 0 0 0 0 0 0 0 0 0 0 1 
1 0 0 1 0 1 0 0 1 0 1 0 0 0 0 1 1 0 0 1 0 1 0 0 0 1 0 0 1 0 0 0 0 0 1 1 0 0 0 1 1 0 0 0 0 0 0 0 0 0 0 0 0 0 1 0 0 0 0 0 0 0 1 0 1 1 0 1 0 0 0 0 1 0 0 1 1 0 0 0 1 0 0 0 1 0 1 1 0 0 0 0 0 0 1 0 0 0 0 1 
1 1 1 0 1 1 1 0 1 1 0 0 1 0 1 1 0 1 0 1 0 0 1 1 1 1 0 0 1 0 0 0 0 1 1 0 0 0 0 1 1 0 1 0 0 0 0 1 0 1 0 0 0 0 0 0 0 0 1 0 0 1 1 1 0 0 0 1 0 0 1 0 1 0 1 0 1 1 1 0 0 0 0 1 0 0 1 0 1 0 0 1 0 0 0 1 0 0 0 1 
1 1 1 1 1 1 1 1 1 1 1 0 0 0 1 1 1 0 1 1 1 1 1 1 1 1 0 0 1 0 0 1 0 1 1 1 0 1 0 1 1 0 1 0 0 0 1 1 0 1 0 1 0 1 1 0 1 0 1 1 0 1 1 1 1 1 0 1 0 0 1 0 1 1 1 1 1 1 0 0 1 0 0 1 1 0 1 1 1 1 0 1 0 0 1 1 1 0 0 1 
0 0 0 0 0 0 0 0 0 0 0 0 0 0 0 0 0 0 0 1 0 0 0 0 0 0 0 0 0 0 0 0 0 0 0 0 0 0 0 0 0 0 0 0 0 0 0 0 0 0 0 0 0 0 0 0 0 0 0 0 0 0 0 0 0 0 0 0 0 0 0 0 0 0 0 0 0 0 0 0 0 0 0 0 0 0 0 0 0 0 0 0 0 0 0 0 0 0 0 0 
1 0 0 1 0 1 0 1 1 0 1 0 0 0 0 1 1 0 0 1 1 1 0 0 0 1 0 0 1 0 0 0 0 0 1 1 0 0 0 1 1 0 0 0 0 0 0 0 0 0 0 0 0 0 1 0 0 0 0 1 0 0 1 1 1 1 0 1 0 0 0 0 1 0 0 1 1 0 0 0 1 0 0 1 1 0 1 1 0 0 0 1 0 0 1 0 0 0 0 1 
0 0 0 0 0 0 0 0 0 0 1 0 0 0 0 0 0 0 0 1 0 1 0 0 0 0 0 0 0 0 0 0 0 0 0 1 0 0 0 0 0 0 0 0 0 0 0 0 0 0 0 0 0 0 0 0 0 0 0 0 0 0 0 0 1 0 0 0 0 0 0 0 0 0 0 0 0 0 0 0 1 0 0 0 0 0 0 0 0 0 0 0 0 0 0 0 0 0 0 0 
1 0 1 0 1 1 1 0 1 1 0 0 0 0 1 1 0 0 0 1 0 0 1 1 0 1 0 0 1 0 0 0 0 1 1 0 0 0 0 1 1 0 1 0 0 0 0 1 0 1 0 0 0 0 0 0 0 0 1 0 0 1 1 1 0 0 0 1 0 0 1 0 1 0 0 0 1 1 0 0 0 0 0 1 0 0 1 0 0 0 0 1 0 0 0 0 0 0 0 1 
1 0 1 0 0 1 0 0 1 1 0 0 0 0 0 1 0 0 0 1 0 0 0 1 0 1 0 0 1 0 0 0 0 0 1 0 0 0 0 1 1 0 0 0 0 0 0 0 0 1 0 0 0 0 0 0 0 0 0 0 0 1 1 1 0 0 0 1 0 0 0 0 1 0 0 0 1 0 0 0 0 0 0 1 0 0 1 0 0 0 0 1 0 0 0 0 0 0 0 1 
1 1 1 0 1 1 1 0 1 1 0 0 0 0 1 1 0 0 0 1 0 0 1 1 1 1 0 0 1 0 0 0 0 1 1 0 0 0 0 1 1 0 1 0 0 0 0 1 0 1 0 0 0 0 0 0 0 0 1 0 0 1 1 1 0 0 0 1 0 0 1 0 1 0 1 0 1 1 0 0 0 0 0 1 0 0 1 0 1 0 0 1 0 0 0 1 0 0 0 1 
0 0 0 0 0 0 0 0 0 0 0 0 0 0 0 0 0 0 0 0 0 0 0 0 0 1 0 0 0 0 0 0 0 0 0 0 0 0 0 0 0 0 0 0 0 0 0 0 0 0 0 0 0 0 0 0 0 0 0 0 0 0 0 0 0 0 0 1 0 0 0 0 0 0 0 0 0 0 0 0 0 0 0 0 0 0 1 0 0 0 0 0 0 0 0 0 0 0 0 1 
1 1 1 1 1 1 1 1 1 1 1 1 1 0 1 1 1 1 1 1 1 1 1 1 1 1 1 0 1 0 0 1 0 1 1 1 0 1 0 1 1 0 1 0 1 0 1 1 0 1 0 1 0 1 1 0 1 0 1 1 0 1 1 1 1 1 0 1 0 0 1 0 1 1 1 1 1 1 1 0 1 0 0 1 1 0 1 1 1 1 0 1 0 0 1 1 1 0 0 1 
0 0 0 0 0 0 0 0 0 0 0 0 0 1 1 0 0 0 0 0 0 0 0 0 0 1 0 1 0 0 0 0 1 0 0 0 0 0 0 0 0 0 0 0 0 0 0 0 0 1 0 0 0 0 0 0 0 0 1 0 0 0 0 0 0 0 1 1 0 0 0 0 0 0 1 0 0 1 0 0 0 0 0 0 0 0 1 0 1 0 0 1 0 0 0 0 0 0 0 1 
1 0 0 0 0 0 0 0 1 0 0 0 0 0 0 0 0 0 0 1 0 0 0 0 0 0 0 0 1 0 0 0 0 0 0 0 0 0 0 1 1 0 0 0 0 0 0 0 0 0 0 0 0 0 0 0 0 0 0 0 0 0 0 0 0 0 0 0 0 0 0 0 0 0 0 0 1 0 0 0 0 0 0 0 0 0 0 0 0 0 0 0 0 0 0 0 0 0 0 0 
1 1 1 0 1 1 1 0 1 1 0 0 1 1 1 1 0 1 0 1 0 0 1 1 1 1 0 1 1 1 0 0 1 1 1 0 0 0 0 1 1 1 1 0 0 1 0 1 0 1 0 0 0 0 0 1 0 0 1 0 1 1 1 1 0 0 1 1 0 0 1 0 1 0 1 0 1 1 1 0 0 1 1 1 0 0 1 0 1 0 0 1 0 0 0 1 0 0 0 1 
1 1 1 1 1 1 1 1 1 1 1 1 1 1 1 1 1 1 1 1 1 1 1 1 1 1 1 1 1 1 1 1 1 1 1 1 0 1 1 1 1 1 1 0 1 1 1 1 0 1 1 1 0 1 1 1 1 1 1 1 1 1 1 1 1 1 1 1 1 0 1 0 1 1 1 1 1 1 1 0 1 1 1 1 1 1 1 1 1 1 1 1 1 0 1 1 1 0 1 1 
1 0 1 1 1 1 1 1 1 1 1 0 0 0 1 1 1 0 0 1 1 1 1 1 0 1 0 0 1 0 0 1 0 1 1 1 0 1 0 1 1 0 1 0 0 0 1 1 0 1 0 0 0 0 1 0 1 0 1 1 0 1 1 1 1 1 0 1 0 0 1 0 1 0 0 1 1 1 0 0 1 0 0 1 1 0 1 1 0 0 0 1 0 0 1 0 0 0 0 1 
0 0 0 0 0 0 0 0 0 0 0 0 0 1 1 0 0 0 0 0 0 0 0 0 0 1 0 1 0 0 0 0 1 0 0 0 0 0 0 0 0 0 0 0 0 0 0 0 0 1 0 0 0 0 0 0 0 0 1 0 0 0 0 0 0 0 1 1 0 0 0 0 0 0 1 0 0 1 0 0 0 0 0 0 0 0 1 0 1 0 0 1 0 0 0 0 0 0 0 1 
1 0 1 0 1 1 1 0 1 1 0 0 0 0 1 1 0 0 0 1 0 0 1 1 0 1 0 0 1 0 0 0 0 1 1 0 0 0 0 1 1 0 1 0 0 0 0 1 0 1 0 0 0 0 0 0 0 0 1 0 0 1 1 1 0 0 0 1 0 0 1 0 1 0 0 0 1 1 0 0 0 0 0 1 0 0 1 0 0 0 0 1 0 0 0 0 0 0 0 1 
1 0 0 0 0 1 0 0 1 0 0 0 0 0 0 1 0 0 0 1 0 0 0 0 0 1 0 0 1 0 0 0 0 0 1 0 0 0 0 1 1 0 0 0 0 0 0 0 0 0 0 0 0 0 0 0 0 0 0 0 0 0 1 0 0 0 0 1 0 0 0 0 1 0 0 0 1 0 0 0 0 0 0 0 0 0 1 0 0 0 0 0 0 0 0 0 0 0 0 1 
0 0 0 0 0 0 0 0 0 0 1 0 0 0 0 0 0 0 0 1 0 1 0 0 0 0 0 0 0 0 0 0 0 0 0 1 0 0 0 0 0 0 0 0 0 0 0 0 0 0 0 0 0 0 0 0 0 0 0 0 0 0 0 0 1 0 0 0 0 0 0 0 0 0 0 0 0 0 0 0 1 0 0 0 0 0 0 0 0 0 0 0 0 0 0 0 0 0 0 0 
1 1 1 1 1 1 1 1 1 1 1 1 1 1 1 1 1 1 1 1 1 1 1 1 1 1 1 0 1 0 0 1 0 1 1 1 1 1 0 1 1 0 1 1 1 1 1 1 1 1 0 1 1 1 1 1 1 0 1 1 1 1 1 1 1 1 0 1 0 1 1 1 1 1 1 1 1 1 1 1 1 1 0 1 1 0 1 1 1 1 0 1 0 1 1 1 1 0 0 1 
1 0 1 1 0 1 0 1 1 1 1 0 0 0 0 1 1 0 0 1 1 1 0 1 0 1 0 0 1 0 0 0 0 0 1 1 0 1 0 1 1 0 0 0 0 0 0 0 0 1 0 0 0 0 1 0 1 0 0 1 0 1 1 1 1 1 0 1 0 0 0 0 1 0 0 1 1 0 0 0 1 0 0 1 1 0 1 1 0 0 0 1 0 0 1 0 0 0 0 1 
1 1 1 0 1 1 1 0 1 1 0 0 1 1 1 1 0 1 0 1 0 0 1 1 1 1 0 1 1 1 0 0 1 1 1 0 0 0 1 1 1 1 1 0 0 1 0 1 0 1 0 0 0 0 0 1 0 0 1 0 1 1 1 1 0 0 1 1 0 0 1 0 1 0 1 0 1 1 1 0 0 1 1 1 0 0 1 0 1 0 0 1 0 0 0 1 0 0 0 1 
1 0 0 0 0 0 0 0 1 0 0 0 0 0 0 0 0 0 0 1 0 0 0 0 0 0 0 0 1 0 0 0 0 0 0 0 0 0 0 1 1 0 0 0 0 0 0 0 0 0 0 0 0 0 0 0 0 0 0 0 0 0 0 0 0 0 0 0 0 0 0 0 0 0 0 0 1 0 0 0 0 0 0 0 0 0 0 0 0 0 0 0 0 0 0 0 0 0 0 0 
1 0 0 0 0 0 0 0 1 0 0 0 0 0 0 0 0 0 0 1 0 0 0 0 0 0 0 0 1 0 0 0 0 0 0 0 0 0 0 1 1 0 0 0 0 0 0 0 0 0 0 0 0 0 0 0 0 0 0 0 0 0 0 0 0 0 0 0 0 0 0 0 0 0 0 0 1 0 0 0 0 0 0 0 0 0 0 0 0 0 0 0 0 0 0 0 0 0 0 0 
1 1 1 0 1 1 1 0 1 1 0 0 1 1 1 1 0 1 0 1 0 0 1 1 1 1 0 1 1 1 0 0 1 1 1 0 0 0 0 1 1 1 1 0 0 1 0 1 0 1 0 0 0 0 0 1 0 0 1 0 1 1 1 1 0 0 1 1 0 0 1 0 1 0 1 0 1 1 1 0 0 1 1 1 0 0 1 0 1 0 0 1 0 0 0 1 0 0 0 1 
1 0 1 0 1 1 1 0 1 1 0 0 0 0 1 1 0 0 0 1 0 0 1 1 0 1 0 0 1 0 0 0 0 1 1 0 0 0 0 1 1 0 1 0 0 0 0 1 0 1 0 0 0 0 0 0 0 0 1 0 0 1 1 1 0 0 0 1 0 0 1 0 1 0 0 0 1 1 0 0 0 0 0 1 0 0 1 0 0 0 0 1 0 0 0 0 0 0 0 1 
0 0 0 0 0 0 0 0 0 0 1 0 0 0 0 0 0 0 0 1 0 1 0 0 0 0 0 0 0 0 0 0 0 0 0 1 0 0 0 0 0 0 0 1 0 0 0 0 0 0 0 0 0 0 0 0 0 0 0 0 0 0 0 0 1 0 0 0 0 0 0 0 0 0 0 0 0 0 0 0 1 0 0 0 0 0 0 0 0 0 0 0 0 0 0 0 0 0 0 0 
1 1 1 1 1 1 1 1 1 1 1 1 1 0 1 1 1 1 1 1 1 1 1 1 1 1 1 0 1 0 0 1 0 1 1 1 0 1 0 1 1 0 1 0 1 0 1 1 0 1 0 1 0 1 1 0 1 0 1 1 0 1 1 1 1 1 0 1 0 0 1 0 1 1 1 1 1 1 1 0 1 0 0 1 1 0 1 1 1 1 0 1 0 0 1 1 1 0 0 1 
1 1 1 0 1 1 1 0 1 1 0 0 1 1 1 1 0 1 0 1 0 0 1 1 1 1 0 0 1 0 0 0 0 1 1 0 0 0 0 1 1 0 1 0 0 1 0 1 0 1 0 0 0 0 0 1 0 0 1 0 1 1 1 1 0 0 0 1 0 0 1 0 1 0 1 0 1 1 1 0 0 1 0 1 0 0 1 0 1 0 0 1 0 0 0 1 0 0 0 1 
1 0 1 1 1 1 1 1 1 1 1 0 0 0 1 1 1 0 0 1 1 1 1 1 0 1 0 0 1 0 0 1 0 1 1 1 0 1 0 1 1 0 1 0 0 0 1 1 0 1 0 0 0 0 1 0 1 0 1 1 0 1 1 1 1 1 0 1 0 0 1 0 1 0 0 1 1 1 0 0 1 0 0 1 1 0 1 1 0 0 0 1 0 0 1 0 0 0 0 1 
1 0 1 0 1 1 1 0 1 1 0 0 0 0 1 1 0 0 0 1 0 0 1 1 0 1 0 0 1 0 0 0 0 1 1 0 0 0 0 1 1 0 1 0 0 0 0 1 0 1 0 0 0 0 0 0 0 0 1 0 0 1 1 1 0 0 0 1 0 0 1 0 1 0 0 0 1 1 0 0 0 0 0 1 0 0 1 0 0 0 0 1 0 0 0 0 0 0 0 1 
1 1 1 1 1 1 1 1 1 1 1 1 1 1 1 1 1 1 1 1 1 1 1 1 1 1 1 0 1 0 0 1 0 1 1 1 1 1 0 1 1 0 1 1 1 1 1 1 1 1 0 1 1 1 1 1 1 0 1 1 1 1 1 1 1 1 0 1 0 1 1 1 1 1 1 1 1 1 1 1 1 1 0 1 1 0 1 1 1 1 0 1 0 1 1 1 1 0 0 1 
0 0 0 0 0 0 0 0 0 0 0 0 0 0 0 0 0 0 0 0 0 0 0 0 0 1 0 0 0 0 0 0 0 0 0 0 0 0 0 0 0 0 0 0 0 0 0 0 0 1 0 0 0 0 0 0 0 0 0 0 0 0 0 0 0 0 0 1 0 0 0 0 0 0 0 0 0 0 0 0 0 0 0 0 0 0 1 0 0 0 0 1 0 0 0 0 0 0 0 1 
1 1 1 1 1 1 1 1 1 1 1 1 1 1 1 1 1 1 1 1 1 1 1 1 1 1 1 1 1 1 0 1 1 1 1 1 0 1 0 1 1 1 1 0 1 1 1 1 0 1 1 1 0 1 1 1 1 1 1 1 1 1 1 1 1 1 1 1 1 0 1 0 1 1 1 1 1 1 1 0 1 1 1 1 1 1 1 1 1 1 1 1 1 0 1 1 1 0 1 1 
1 1 1 1 1 1 1 1 1 1 1 0 0 0 1 1 1 0 1 1 1 1 1 1 1 1 0 0 1 0 0 1 0 1 1 1 0 1 0 1 1 0 1 0 0 0 1 1 0 1 0 1 0 1 1 0 1 0 1 1 0 1 1 1 1 1 0 1 0 0 1 0 1 1 1 1 1 1 0 0 1 0 0 1 1 0 1 1 1 1 0 1 0 0 1 1 1 0 0 1 
1 0 0 1 0 1 0 0 1 0 1 0 0 0 0 1 1 0 0 1 0 1 0 0 0 1 0 0 1 0 0 0 0 0 1 1 0 0 0 1 1 0 0 1 0 0 0 0 0 0 0 0 1 0 1 0 0 0 0 0 0 0 1 0 1 1 0 1 0 0 0 1 1 0 0 1 1 0 0 1 1 0 0 0 1 0 1 1 0 0 0 0 0 1 1 0 0 0 0 1 
1 1 1 1 1 1 1 1 1 1 1 0 0 0 1 1 1 0 1 1 1 1 1 1 1 1 0 0 1 0 0 1 0 1 1 1 0 1 0 1 1 0 1 0 0 0 1 1 0 1 0 1 0 1 1 0 1 0 1 1 0 1 1 1 1 1 0 1 0 0 1 0 1 1 1 1 1 1 0 0 1 0 0 1 1 0 1 1 1 1 0 1 0 0 1 1 1 0 0 1 
1 0 0 1 0 1 0 0 1 0 1 0 0 0 0 1 1 0 0 1 0 1 0 0 0 1 0 0 1 0 0 0 0 0 1 1 0 0 0 1 1 0 0 0 0 0 0 0 0 0 0 0 0 0 1 0 0 0 0 0 0 0 1 0 1 1 0 1 0 0 0 0 1 0 0 1 1 0 0 0 1 0 0 0 1 0 1 1 0 0 0 0 0 0 1 0 0 0 0 1 
1 1 1 0 1 1 1 0 1 1 0 0 1 1 1 1 0 1 0 1 0 0 1 1 1 1 0 0 1 0 0 0 0 1 1 0 0 0 0 1 1 0 1 0 0 1 0 1 0 1 0 0 0 0 0 1 0 0 1 0 1 1 1 1 0 0 0 1 0 0 1 0 1 0 1 0 1 1 1 0 0 1 0 1 0 0 1 0 1 0 0 1 0 0 0 1 0 0 0 1 
1 0 1 1 0 1 0 1 1 1 1 0 0 0 0 1 1 0 0 1 1 1 0 1 0 1 0 0 1 0 0 0 0 0 1 1 0 1 0 1 1 0 0 0 0 0 0 0 0 1 0 0 0 0 1 0 1 0 0 1 0 1 1 1 1 1 0 1 0 0 0 0 1 0 0 1 1 0 0 0 1 0 0 1 1 0 1 1 0 0 0 1 0 0 1 0 0 0 0 1 
1 1 1 1 1 1 1 1 1 1 1 1 1 1 1 1 1 1 1 1 1 1 1 1 1 1 1 1 1 1 0 1 1 1 1 1 0 1 0 1 1 1 1 0 1 1 1 1 0 1 1 1 0 1 1 1 1 1 1 1 1 1 1 1 1 1 1 1 1 0 1 0 1 1 1 1 1 1 1 0 1 1 1 1 1 1 1 1 1 1 1 1 1 0 1 1 1 0 1 1 
0 0 0 0 0 0 0 0 0 0 0 0 0 0 1 0 0 0 0 0 0 0 0 0 0 1 0 0 0 0 0 0 0 0 0 0 0 0 0 0 0 0 0 0 0 0 0 0 0 1 0 0 0 0 0 0 0 0 1 0 0 0 0 0 0 0 0 1 0 0 0 0 0 0 0 0 0 1 0 0 0 0 0 0 0 0 1 0 0 0 0 1 0 0 0 0 0 0 0 1 
1 0 0 1 0 1 0 1 1 0 1 0 0 0 0 1 1 0 0 1 1 1 0 0 0 1 0 0 1 0 0 0 0 0 1 1 0 0 0 1 1 0 0 0 0 0 0 0 0 0 0 0 0 0 1 0 0 0 0 1 0 0 1 1 1 1 0 1 0 0 0 0 1 0 0 1 1 0 0 0 1 0 0 1 1 0 1 1 0 0 0 1 0 0 1 0 0 0 0 1 
1 1 1 0 1 1 1 0 1 1 0 0 1 1 1 1 0 1 0 1 0 0 1 1 1 1 0 0 1 0 0 0 0 1 1 0 0 0 0 1 1 0 1 0 0 1 0 1 0 1 0 0 0 0 0 1 0 0 1 0 1 1 1 1 0 0 0 1 0 0 1 0 1 0 1 0 1 1 1 0 0 1 0 1 0 0 1 0 1 0 0 1 0 0 0 1 0 0 0 1 
1 0 1 0 0 1 0 0 1 1 0 0 0 0 0 1 0 0 0 1 0 0 0 1 0 1 0 0 1 0 0 0 0 0 1 0 0 0 0 1 1 0 0 0 0 0 0 0 0 1 0 0 0 0 0 0 0 0 0 0 0 1 1 1 0 0 0 1 0 0 0 0 1 0 0 0 1 0 0 0 0 0 0 1 0 0 1 0 0 0 0 1 0 0 0 0 0 0 0 1 
1 0 0 0 0 1 0 0 1 0 0 0 0 0 0 1 0 0 0 1 0 0 0 0 0 1 0 0 1 0 0 0 0 0 1 0 0 0 0 1 1 0 0 0 0 0 0 0 0 0 0 0 0 0 0 0 0 0 0 0 0 0 1 0 0 0 0 1 0 0 0 0 1 0 0 0 1 0 0 0 0 0 0 0 0 0 1 0 0 0 0 0 0 0 0 0 0 0 0 1 
1 0 0 0 0 1 0 0 1 0 0 0 0 0 0 1 0 0 0 1 0 0 0 0 0 1 0 0 1 0 0 0 0 0 1 0 0 0 0 1 1 0 0 0 0 0 0 0 0 0 0 0 0 0 0 0 0 0 0 0 0 0 1 1 0 0 0 1 0 0 0 0 1 0 0 0 1 0 0 0 0 0 0 1 0 0 1 0 0 0 0 1 0 0 0 0 0 0 0 1 
0 0 0 0 0 0 0 0 0 0 1 0 0 0 0 0 0 0 0 1 0 1 0 0 0 0 0 0 0 0 0 0 0 0 0 1 0 0 0 0 0 0 0 0 0 0 0 0 0 0 0 0 0 0 0 0 0 0 0 0 0 0 0 0 1 0 0 0 0 0 0 0 0 0 0 0 0 0 0 0 1 0 0 0 0 0 0 0 0 0 0 0 0 0 0 0 0 0 0 0 
1 0 0 0 0 0 0 0 1 0 1 0 0 0 0 0 0 0 0 1 0 1 0 0 0 0 0 0 1 0 0 0 0 0 0 1 0 0 0 1 1 0 0 0 0 0 0 0 0 0 0 0 0 0 0 0 0 0 0 0 0 0 0 0 1 1 0 0 0 0 0 0 0 0 0 0 1 0 0 0 1 0 0 0 1 0 0 0 0 0 0 0 0 0 1 0 0 0 0 0 
0 0 0 0 0 0 0 0 0 0 0 0 0 1 1 0 0 0 0 0 0 0 0 0 0 1 0 1 0 0 0 0 1 0 0 0 0 0 0 0 0 0 0 0 0 0 0 0 0 1 0 0 0 0 0 0 0 0 1 0 0 0 0 0 0 0 1 1 0 0 0 0 0 0 1 0 0 1 0 0 0 0 0 0 0 0 1 0 1 0 0 1 0 0 0 0 0 0 0 1 
0 0 0 0 0 0 0 0 0 0 0 0 0 0 0 0 0 0 0 0 0 0 0 0 0 1 0 0 0 0 0 0 0 0 0 0 0 0 0 0 0 0 0 0 0 0 0 0 0 0 0 0 0 0 0 0 0 0 0 0 0 0 0 0 0 0 0 1 0 0 0 0 0 0 0 0 0 0 0 0 0 0 0 0 0 0 1 0 0 0 0 0 0 0 0 0 0 0 0 1 
1 1 1 1 1 1 1 1 1 1 1 1 1 1 1 1 1 1 1 1 1 1 1 1 1 1 1 1 1 1 0 1 1 1 1 1 0 1 0 1 1 1 1 0 1 1 1 1 0 1 1 1 0 1 1 1 1 1 1 1 1 1 1 1 1 1 1 1 1 0 1 0 1 1 1 1 1 1 1 0 1 1 1 1 1 1 1 1 1 1 1 1 1 0 1 1 1 0 1 1 
1 0 1 1 1 1 1 1 1 1 1 0 0 0 1 1 1 0 0 1 1 1 1 1 0 1 0 0 1 0 0 1 0 1 1 1 0 1 0 1 1 0 1 1 0 0 1 1 0 1 0 0 1 0 1 0 1 0 1 1 0 1 1 1 1 1 0 1 0 1 1 1 1 0 0 1 1 1 0 1 1 0 0 1 1 0 1 1 0 0 0 1 0 1 1 0 0 0 0 1 
1 0 1 0 1 1 1 0 1 1 0 0 0 0 1 1 0 0 0 1 0 0 1 1 0 1 0 0 1 0 0 0 0 1 1 0 0 0 0 1 1 0 1 0 0 0 0 1 0 1 0 0 0 0 0 0 0 0 1 0 0 1 1 1 0 0 0 1 0 0 1 0 1 0 0 0 1 1 0 0 0 0 0 1 0 0 1 0 0 0 0 1 0 0 0 0 0 0 0 1 
1 0 0 0 0 0 0 0 1 0 1 0 0 0 0 0 0 0 0 1 0 1 0 0 0 0 0 0 1 0 0 0 0 0 0 1 0 0 0 1 1 0 0 1 0 0 0 0 0 0 0 0 0 0 0 0 0 0 0 0 0 0 0 0 1 1 0 0 0 0 0 1 0 0 0 0 1 0 0 1 1 0 0 0 1 0 0 0 0 0 0 0 0 1 1 0 0 0 0 0 
1 0 0 0 0 1 0 0 1 0 0 0 0 0 0 1 0 0 0 1 0 0 0 0 0 1 0 0 1 0 0 0 0 0 1 0 0 0 0 1 1 0 0 0 0 0 0 0 0 0 0 0 0 0 0 0 0 0 0 0 0 0 1 0 0 0 0 1 0 0 0 0 1 0 0 0 1 0 0 0 0 0 0 0 0 0 1 0 0 0 0 0 0 0 0 0 0 0 0 1 
1 1 1 1 1 1 1 1 1 1 1 0 0 0 1 1 1 0 1 1 1 1 1 1 1 1 0 0 1 0 0 1 0 1 1 1 0 1 0 1 1 0 1 0 0 0 1 1 0 1 0 1 0 1 1 0 1 0 1 1 0 1 1 1 1 1 0 1 0 0 1 0 1 1 1 1 1 1 0 0 1 0 0 1 1 0 1 1 1 1 0 1 0 0 1 1 1 0 0 1 
0 0 0 0 0 0 0 0 0 0 0 0 0 0 1 0 0 0 0 0 0 0 0 0 0 1 0 0 0 0 0 0 0 0 0 0 0 0 0 0 0 0 0 0 0 0 0 0 0 1 0 0 0 0 0 0 0 0 1 0 0 0 0 0 0 0 0 1 0 0 0 0 0 0 1 0 0 1 0 0 0 0 0 0 0 0 1 0 1 0 0 1 0 0 0 0 0 0 0 1 
1 0 0 1 0 1 0 0 1 0 1 0 0 0 0 1 1 0 0 1 0 1 0 0 0 1 0 0 1 0 0 0 0 0 1 1 0 0 0 1 1 0 0 0 0 0 0 0 0 0 0 0 0 0 1 0 0 0 0 0 0 0 1 0 1 1 0 1 0 0 0 0 1 0 0 1 1 0 0 0 1 0 0 0 1 0 1 1 0 0 0 0 0 0 1 0 0 0 0 1 
1 0 0 0 0 0 0 0 1 0 0 0 0 0 0 0 0 0 0 1 0 0 0 0 0 0 0 0 1 0 0 0 0 0 0 0 0 0 0 1 1 0 0 0 0 0 0 0 0 0 0 0 0 0 0 0 0 0 0 0 0 0 0 0 0 0 0 0 0 0 0 0 0 0 0 0 1 0 0 0 0 0 0 0 0 0 0 0 0 0 0 0 0 0 0 0 0 0 0 0 
0 0 0 0 0 0 0 0 0 0 0 0 0 0 1 0 0 0 0 0 0 0 0 0 0 1 0 0 0 0 0 0 0 0 0 0 0 0 0 0 0 0 0 0 0 0 0 0 0 1 0 0 0 0 0 0 0 0 1 0 0 0 0 0 0 0 0 1 0 0 0 0 0 0 0 0 0 1 0 0 0 0 0 0 0 0 1 0 0 0 0 1 0 0 0 0 0 0 0 1 
1 1 1 0 1 1 1 0 1 1 0 0 1 0 1 1 0 1 0 1 0 0 1 1 1 1 0 0 1 0 0 0 0 1 1 0 0 0 0 1 1 0 1 0 0 0 0 1 0 1 0 0 0 0 0 0 0 0 1 0 0 1 1 1 0 0 0 1 0 0 1 0 1 0 1 0 1 1 1 0 0 0 0 1 0 0 1 0 1 0 0 1 0 0 0 1 0 0 0 1 
1 0 0 0 0 0 0 0 1 0 1 0 0 0 0 0 0 0 0 1 0 1 0 0 0 0 0 0 1 0 0 0 0 0 0 1 0 0 0 1 1 0 0 1 0 0 0 0 0 0 0 0 0 0 0 0 0 0 0 0 0 0 0 0 1 1 0 0 0 0 0 1 0 0 0 0 1 0 0 1 1 0 0 0 1 0 0 0 0 0 0 0 0 1 1 0 0 0 0 0 
0 0 0 0 0 0 0 0 0 0 1 0 0 0 0 0 0 0 0 1 0 1 0 0 0 0 0 0 0 0 0 0 0 0 0 1 0 0 0 0 0 0 0 0 0 0 0 0 0 0 0 0 0 0 0 0 0 0 0 0 0 0 0 0 1 0 0 0 0 0 0 0 0 0 0 0 0 0 0 0 1 0 0 0 0 0 0 0 0 0 0 0 0 0 0 0 0 0 0 0 
1 1 1 0 1 1 1 0 1 1 0 0 1 1 1 1 0 1 0 1 0 0 1 1 1 1 0 0 1 0 0 0 0 1 1 0 0 0 0 1 1 0 1 0 0 1 0 1 0 1 0 0 0 0 0 1 0 0 1 0 1 1 1 1 0 0 0 1 0 0 1 0 1 0 1 0 1 1 1 0 0 1 0 1 0 0 1 0 1 0 0 1 0 0 0 1 0 0 0 1 
1 1 1 0 1 1 1 0 1 1 0 0 1 1 1 1 0 1 0 1 0 0 1 1 1 1 0 1 1 1 0 0 1 1 1 0 0 0 0 1 1 1 1 0 0 1 0 1 0 1 0 0 0 0 0 1 0 0 1 0 1 1 1 1 0 0 1 1 0 0 1 0 1 0 1 0 1 1 1 0 0 1 1 1 0 0 1 0 1 0 0 1 0 0 0 1 0 0 0 1 
1 0 0 0 0 1 0 0 1 0 0 0 0 0 0 1 0 0 0 1 0 0 0 0 0 1 0 0 1 0 0 0 0 0 1 0 0 0 0 1 1 0 0 0 0 0 0 0 0 0 0 0 0 0 0 0 0 0 0 0 0 0 1 1 0 0 0 1 0 0 0 0 1 0 0 0 1 0 0 0 0 0 0 1 0 0 1 0 0 0 0 1 0 0 0 0 0 0 0 1 
1 0 0 0 0 0 0 0 1 0 1 0 0 0 0 0 0 0 0 1 0 1 0 0 0 0 0 0 1 0 0 0 0 0 0 1 0 0 0 1 1 0 0 0 0 0 0 0 0 0 0 0 0 0 0 0 0 0 0 0 0 0 0 0 1 1 0 0 0 0 0 0 0 0 0 0 1 0 0 0 1 0 0 0 1 0 0 0 0 0 0 0 0 0 1 0 0 0 0 0 
1 1 1 1 1 1 1 1 1 1 1 1 1 1 1 1 1 1 1 1 1 1 1 1 1 1 1 1 1 1 0 1 1 1 1 1 0 1 0 1 1 1 1 0 1 1 1 1 0 1 1 1 0 1 1 1 1 1 1 1 1 1 1 1 1 1 1 1 1 0 1 0 1 1 1 1 1 1 1 0 1 1 1 1 1 1 1 1 1 1 1 1 1 0 1 1 1 0 1 1 
0 0 0 0 0 0 0 0 0 0 0 0 0 0 0 0 0 0 0 0 0 0 0 0 0 1 0 0 0 0 0 0 0 0 0 0 0 0 0 0 0 0 0 0 0 0 0 0 0 0 0 0 0 0 0 0 0 0 0 0 0 0 0 0 0 0 0 1 0 0 0 0 0 0 0 0 0 0 0 0 0 0 0 0 0 0 1 0 0 0 0 0 0 0 0 0 0 0 0 1 
1 0 0 1 0 1 0 0 1 0 1 0 0 0 0 1 1 0 0 1 0 1 0 0 0 1 0 0 1 0 0 0 0 0 1 1 0 0 0 1 1 0 0 0 0 0 0 0 0 0 0 0 0 0 1 0 0 0 0 0 0 0 1 0 1 1 0 1 0 0 0 0 1 0 0 1 1 0 0 0 1 0 0 0 1 0 1 1 0 0 0 0 0 0 1 0 0 0 0 1 
0 0 0 0 0 0 0 0 0 0 0 0 0 0 1 0 0 0 0 0 0 0 0 0 0 1 0 0 0 0 0 0 0 0 0 0 0 0 0 0 0 0 0 0 0 0 0 0 0 1 0 0 0 0 0 0 0 0 1 0 0 0 0 0 0 0 0 1 0 0 0 0 0 0 1 0 0 1 0 0 0 0 0 0 0 0 1 0 1 0 0 1 0 0 0 0 0 0 0 1 
1 1 1 1 1 1 1 1 1 1 1 0 0 0 1 1 1 0 1 1 1 1 1 1 1 1 0 0 1 0 0 1 0 1 1 1 0 1 0 1 1 0 1 0 0 0 1 1 0 1 0 1 0 1 1 0 1 0 1 1 0 1 1 1 1 1 0 1 0 0 1 0 1 1 1 1 1 1 0 0 1 0 0 1 1 0 1 1 1 1 0 1 0 0 1 1 1 0 0 1 
1 1 1 1 1 1 1 1 1 1 1 1 1 1 1 1 1 1 1 1 1 1 1 1 1 1 1 1 1 1 0 1 1 1 1 1 0 1 0 1 1 1 1 0 1 1 1 1 0 1 1 1 0 1 1 1 1 1 1 1 1 1 1 1 1 1 1 1 1 0 1 0 1 1 1 1 1 1 1 0 1 1 1 1 1 1 1 1 1 1 1 1 1 0 1 1 1 0 1 1 
0 0 0 0 0 0 0 0 0 0 0 0 0 0 0 0 0 0 0 0 0 0 0 0 0 1 0 0 0 0 0 0 0 0 0 0 0 0 0 0 0 0 0 0 0 0 0 0 0 0 0 0 0 0 0 0 0 0 0 0 0 0 0 0 0 0 0 1 0 0 0 0 0 0 0 0 0 0 0 0 0 0 0 0 0 0 1 0 0 0 0 1 0 0 0 0 0 0 0 1 
1 1 1 1 1 1 1 1 1 1 1 1 1 1 1 1 1 1 1 1 1 1 1 1 1 1 1 1 1 1 0 1 1 1 1 1 0 1 0 1 1 1 1 0 1 1 1 1 0 1 1 1 0 1 1 1 1 1 1 1 1 1 1 1 1 1 1 1 1 0 1 0 1 1 1 1 1 1 1 0 1 1 1 1 1 1 1 1 1 1 1 1 1 0 1 1 1 0 1 1 
1 0 0 0 0 0 0 0 1 0 1 0 0 0 0 0 0 0 0 1 0 1 0 0 0 0 0 0 1 0 0 0 0 0 0 1 0 0 0 1 1 0 0 1 0 0 0 0 0 0 0 0 0 0 0 0 0 0 0 0 0 0 0 0 1 1 0 0 0 0 0 1 0 0 0 0 1 0 0 1 1 0 0 0 1 0 0 0 0 0 0 0 0 1 1 0 0 0 0 0 
1 0 0 0 0 0 0 0 1 0 1 0 0 0 0 0 0 0 0 1 0 1 0 0 0 0 0 0 1 0 0 0 0 0 0 1 0 0 0 1 1 0 0 0 0 0 0 0 0 0 0 0 0 0 0 0 0 0 0 0 0 0 0 0 1 1 0 0 0 0 0 0 0 0 0 0 1 0 0 0 1 0 0 0 1 0 0 0 0 0 0 0 0 0 1 0 0 0 0 0 
1 1 1 0 1 1 1 0 1 1 0 0 0 0 1 1 0 0 0 1 0 0 1 1 1 1 0 0 1 0 0 0 0 1 1 0 0 0 0 1 1 0 1 0 0 0 0 1 0 1 0 0 0 0 0 0 0 0 1 0 0 1 1 1 0 0 0 1 0 0 1 0 1 0 1 0 1 1 0 0 0 0 0 1 0 0 1 0 1 0 0 1 0 0 0 1 0 0 0 1 
1 1 1 1 1 1 1 1 1 1 1 0 0 0 1 1 1 0 1 1 1 1 1 1 1 1 0 0 1 0 0 1 0 1 1 1 0 1 0 1 1 0 1 0 0 0 1 1 0 1 0 1 0 1 1 0 1 0 1 1 0 1 1 1 1 1 0 1 0 0 1 0 1 1 1 1 1 1 0 0 1 0 0 1 1 0 1 1 1 1 0 1 0 0 1 1 1 0 0 1 
1 1 1 1 1 1 1 1 1 1 1 1 1 1 1 1 1 1 1 1 1 1 1 1 1 1 1 1 1 1 0 1 1 1 1 1 1 1 0 1 1 1 1 1 1 1 1 1 1 1 1 1 1 1 1 1 1 1 1 1 1 1 1 1 1 1 1 1 1 1 1 1 1 1 1 1 1 1 1 1 1 1 1 1 1 1 1 1 1 1 1 1 1 1 1 1 1 1 1 1 
1 1 1 1 1 1 1 1 1 1 1 1 1 1 1 1 1 1 1 1 1 1 1 1 1 1 1 1 1 1 0 1 1 1 1 1 0 1 0 1 1 1 1 0 1 1 1 1 0 1 1 1 0 1 1 1 1 1 1 1 1 1 1 1 1 1 1 1 1 0 1 0 1 1 1 1 1 1 1 0 1 1 1 1 1 1 1 1 1 1 1 1 1 0 1 1 1 0 1 1 
0 0 0 0 0 0 0 0 0 0 0 0 0 0 0 0 0 0 0 0 0 0 0 0 0 1 0 0 0 0 0 0 0 0 0 0 0 0 0 0 0 0 0 0 0 0 0 0 0 0 0 0 0 0 0 0 0 0 0 0 0 0 0 0 0 0 0 1 0 0 0 0 0 0 0 0 0 0 0 0 0 0 0 0 0 0 1 0 0 0 0 0 0 0 0 0 0 0 0 1 

17.08 23.14 21474836.00 21474836.00 21474836.00 47.38 21474836.00 59.50 65.56 21474836.00 21474836.00 83.74 89.80 95.86 21474836.00 21474836.00 114.04 120.10 126.16 132.22 138.28 21474836.00 20.70 26.76 21474836.00 38.88 44.94 51.00 21474836.00 63.12 21474836.00 21474836.00 21474836.00 21474836.00 21474836.00 99.48 105.54 111.60 117.66 123.72 129.78 
23.14 17.08 23.14 21474836.00 21474836.00 41.32 47.38 53.44 21474836.00 65.56 71.62 77.68 83.74 89.80 95.86 101.92 107.98 114.04 21474836.00 126.16 132.22 20.70 21474836.00 21474836.00 21474836.00 21474836.00 21474836.00 44.94 21474836.00 57.06 63.12 69.18 75.24 21474836.00 21474836.00 21474836.00 99.48 105.54 111.60 117.66 123.72 
29.20 21474836.00 21474836.00 23.14 21474836.00 21474836.00 41.32 47.38 53.44 21474836.00 65.56 21474836.00 77.68 21474836.00 89.80 95.86 101.92 107.98 114.04 120.10 126.16 26.76 21474836.00 21474836.00 20.70 26.76 21474836.00 21474836.00 21474836.00 51.00 21474836.00 21474836.00 21474836.00 75.24 21474836.00 87.36 93.42 21474836.00 105.54 21474836.00 117.66 
21474836.00 29.20 23.14 17.08 23.14 29.20 35.26 41.32 47.38 53.44 21474836.00 65.56 71.62 77.68 83.74 89.80 95.86 101.92 21474836.00 114.04 120.10 32.82 21474836.00 21474836.00 14.64 20.70 26.76 32.82 38.88 44.94 21474836.00 21474836.00 63.12 21474836.00 75.24 81.30 87.36 93.42 99.48 105.54 21474836.00 
41.32 35.26 29.20 23.14 21474836.00 23.14 29.20 35.26 41.32 47.38 21474836.00 59.50 21474836.00 71.62 21474836.00 83.74 89.80 95.86 21474836.00 21474836.00 114.04 21474836.00 32.82 26.76 20.70 14.64 21474836.00 26.76 21474836.00 38.88 44.94 51.00 21474836.00 21474836.00 69.18 75.24 81.30 87.36 93.42 21474836.00 21474836.00 
47.38 41.32 35.26 29.20 23.14 17.08 23.14 21474836.00 35.26 21474836.00 47.38 53.44 59.50 21474836.00 71.62 77.68 21474836.00 21474836.00 21474836.00 101.92 21474836.00 44.94 38.88 32.82 26.76 20.70 14.64 20.70 26.76 21474836.00 38.88 21474836.00 51.00 57.06 21474836.00 69.18 75.24 81.30 21474836.00 93.42 99.48 
53.44 47.38 41.32 35.26 29.20 21474836.00 21474836.00 23.14 29.20 21474836.00 41.32 47.38 21474836.00 59.50 65.56 21474836.00 21474836.00 21474836.00 21474836.00 21474836.00 21474836.00 51.00 21474836.00 38.88 32.82 21474836.00 21474836.00 21474836.00 21474836.00 26.76 32.82 38.88 44.94 51.00 57.06 21474836.00 69.18 75.24 81.30 87.36 21474836.00 
59.50 53.44 47.38 41.32 35.26 29.20 23.14 21474836.00 23.14 29.20 21474836.00 21474836.00 47.38 21474836.00 59.50 65.56 71.62 77.68 21474836.00 21474836.00 21474836.00 21474836.00 51.00 44.94 21474836.00 32.82 21474836.00 21474836.00 14.64 21474836.00 26.76 32.82 38.88 44.94 21474836.00 57.06 21474836.00 69.18 75.24 81.30 87.36 
21474836.00 59.50 21474836.00 47.38 41.32 35.26 21474836.00 23.14 17.08 23.14 21474836.00 35.26 41.32 21474836.00 53.44 59.50 65.56 21474836.00 77.68 21474836.00 89.80 63.12 21474836.00 21474836.00 44.94 21474836.00 32.82 26.76 20.70 14.64 20.70 26.76 21474836.00 38.88 44.94 51.00 57.06 63.12 21474836.00 75.24 81.30 
71.62 21474836.00 59.50 53.44 47.38 41.32 35.26 29.20 23.14 17.08 21474836.00 29.20 35.26 41.32 47.38 21474836.00 59.50 21474836.00 71.62 77.68 83.74 69.18 63.12 57.06 51.00 21474836.00 21474836.00 32.82 26.76 20.70 21474836.00 20.70 21474836.00 21474836.00 21474836.00 21474836.00 21474836.00 57.06 63.12 69.18 75.24 
21474836.00 71.62 65.56 59.50 53.44 47.38 41.32 35.26 21474836.00 23.14 21474836.00 23.14 29.20 21474836.00 21474836.00 21474836.00 21474836.00 59.50 65.56 71.62 77.68 75.24 69.18 63.12 57.06 51.00 44.94 38.88 32.82 21474836.00 20.70 21474836.00 20.70 21474836.00 32.82 38.88 21474836.00 51.00 57.06 63.12 69.18 
83.74 77.68 71.62 21474836.00 21474836.00 21474836.00 47.38 21474836.00 35.26 21474836.00 23.14 17.08 23.14 29.20 35.26 41.32 47.38 53.44 59.50 65.56 21474836.00 81.30 75.24 69.18 63.12 21474836.00 21474836.00 44.94 21474836.00 21474836.00 26.76 20.70 14.64 20.70 26.76 32.82 21474836.00 21474836.00 51.00 21474836.00 21474836.00 
89.80 83.74 21474836.00 71.62 21474836.00 21474836.00 53.44 47.38 21474836.00 21474836.00 21474836.00 23.14 21474836.00 23.14 29.20 21474836.00 41.32 47.38 21474836.00 59.50 21474836.00 87.36 81.30 75.24 69.18 63.12 21474836.00 21474836.00 44.94 38.88 21474836.00 26.76 21474836.00 14.64 20.70 26.76 32.82 38.88 44.94 51.00 57.06 
21474836.00 21474836.00 83.74 77.68 21474836.00 21474836.00 21474836.00 53.44 47.38 41.32 35.26 29.20 23.14 17.08 23.14 21474836.00 35.26 41.32 47.38 53.44 59.50 93.42 87.36 81.30 75.24 21474836.00 63.12 21474836.00 51.00 44.94 38.88 32.82 26.76 20.70 14.64 21474836.00 26.76 32.82 38.88 44.94 51.00 
21474836.00 95.86 21474836.00 83.74 77.68 21474836.00 65.56 59.50 53.44 47.38 41.32 35.26 29.20 23.14 21474836.00 23.14 29.20 35.26 21474836.00 47.38 21474836.00 99.48 21474836.00 87.36 81.30 75.24 69.18 21474836.00 57.06 51.00 44.94 38.88 32.82 21474836.00 21474836.00 21474836.00 20.70 21474836.00 32.82 38.88 44.94 
107.98 101.92 21474836.00 89.80 21474836.00 77.68 71.62 65.56 21474836.00 21474836.00 47.38 21474836.00 35.26 29.20 23.14 17.08 23.14 21474836.00 35.26 41.32 21474836.00 105.54 99.48 93.42 87.36 81.30 75.24 21474836.00 63.12 57.06 21474836.00 44.94 38.88 32.82 26.76 20.70 14.64 20.70 26.76 32.82 38.88 
114.04 21474836.00 101.92 95.86 89.80 21474836.00 21474836.00 71.62 21474836.00 59.50 53.44 47.38 21474836.00 21474836.00 29.20 23.14 17.08 23.14 29.20 21474836.00 41.32 111.60 21474836.00 21474836.00 93.42 87.36 81.30 75.24 69.18 21474836.00 57.06 21474836.00 21474836.00 38.88 32.82 26.76 20.70 14.64 20.70 26.76 32.82 
21474836.00 114.04 107.98 101.92 95.86 21474836.00 83.74 21474836.00 21474836.00 21474836.00 59.50 53.44 21474836.00 41.32 35.26 29.20 21474836.00 21474836.00 23.14 21474836.00 35.26 21474836.00 21474836.00 21474836.00 99.48 21474836.00 87.36 81.30 75.24 69.18 21474836.00 57.06 51.00 44.94 38.88 32.82 26.76 20.70 14.64 20.70 26.76 
21474836.00 120.10 21474836.00 21474836.00 101.92 21474836.00 89.80 83.74 77.68 71.62 65.56 21474836.00 21474836.00 47.38 41.32 35.26 29.20 21474836.00 21474836.00 23.14 29.20 21474836.00 117.66 21474836.00 21474836.00 21474836.00 21474836.00 21474836.00 21474836.00 75.24 69.18 21474836.00 57.06 51.00 44.94 38.88 21474836.00 26.76 21474836.00 14.64 20.70 
132.22 126.16 120.10 21474836.00 107.98 101.92 21474836.00 21474836.00 83.74 77.68 71.62 21474836.00 21474836.00 53.44 47.38 41.32 21474836.00 29.20 23.14 21474836.00 23.14 129.78 21474836.00 21474836.00 21474836.00 105.54 99.48 21474836.00 21474836.00 81.30 75.24 69.18 21474836.00 57.06 51.00 44.94 38.88 32.82 21474836.00 21474836.00 21474836.00 
21474836.00 132.22 21474836.00 21474836.00 114.04 21474836.00 101.92 95.86 89.80 83.74 21474836.00 71.62 65.56 59.50 53.44 47.38 21474836.00 35.26 29.20 23.14 21474836.00 135.84 21474836.00 123.72 117.66 111.60 105.54 99.48 93.42 87.36 21474836.00 75.24 69.18 63.12 57.06 21474836.00 44.94 38.88 32.82 21474836.00 20.70 
144.34 138.28 21474836.00 21474836.00 120.10 21474836.00 21474836.00 101.92 21474836.00 89.80 21474836.00 21474836.00 71.62 21474836.00 59.50 53.44 47.38 41.32 35.26 29.20 23.14 141.90 21474836.00 129.78 123.72 117.66 21474836.00 105.54 99.48 21474836.00 87.36 81.30 75.24 69.18 63.12 57.06 21474836.00 21474836.00 38.88 32.82 21474836.00 
21474836.00 21474836.00 138.28 132.22 21474836.00 120.10 21474836.00 107.98 101.92 95.86 21474836.00 83.74 77.68 21474836.00 21474836.00 21474836.00 53.44 47.38 21474836.00 35.26 29.20 147.96 141.90 21474836.00 129.78 123.72 21474836.00 111.60 105.54 21474836.00 93.42 21474836.00 81.30 21474836.00 21474836.00 63.12 21474836.00 21474836.00 21474836.00 38.88 32.82 
21474836.00 150.40 144.34 21474836.00 132.22 126.16 21474836.00 21474836.00 21474836.00 21474836.00 95.86 21474836.00 83.74 77.68 71.62 65.56 59.50 53.44 47.38 41.32 35.26 21474836.00 147.96 141.90 135.84 129.78 123.72 117.66 111.60 21474836.00 99.48 21474836.00 87.36 81.30 75.24 69.18 63.12 57.06 51.00 44.94 38.88 
21474836.00 21474836.00 150.40 144.34 21474836.00 132.22 126.16 120.10 114.04 21474836.00 21474836.00 95.86 21474836.00 83.74 21474836.00 71.62 21474836.00 59.50 53.44 47.38 41.32 160.08 21474836.00 147.96 141.90 135.84 129.78 123.72 117.66 111.60 105.54 99.48 93.42 87.36 81.30 21474836.00 69.18 63.12 57.06 51.00 44.94 
168.58 162.52 21474836.00 150.40 21474836.00 138.28 132.22 126.16 21474836.00 114.04 107.98 21474836.00 21474836.00 21474836.00 83.74 77.68 71.62 65.56 59.50 53.44 47.38 166.14 160.08 21474836.00 147.96 141.90 135.84 129.78 123.72 117.66 111.60 105.54 99.48 93.42 21474836.00 21474836.00 75.24 69.18 63.12 21474836.00 21474836.00 
174.64 168.58 21474836.00 21474836.00 21474836.00 21474836.00 138.28 21474836.00 21474836.00 21474836.00 21474836.00 107.98 101.92 95.86 89.80 21474836.00 77.68 71.62 65.56 59.50 53.44 21474836.00 166.14 160.08 21474836.00 21474836.00 141.90 21474836.00 129.78 123.72 21474836.00 111.60 21474836.00 99.48 93.42 87.36 21474836.00 75.24 21474836.00 21474836.00 57.06 
21474836.00 174.64 168.58 162.52 21474836.00 150.40 144.34 138.28 132.22 126.16 120.10 114.04 107.98 101.92 95.86 89.80 83.74 21474836.00 21474836.00 65.56 59.50 21474836.00 172.20 166.14 160.08 21474836.00 147.96 21474836.00 135.84 129.78 123.72 117.66 111.60 105.54 99.48 21474836.00 87.36 81.30 75.24 21474836.00 21474836.00 
21474836.00 180.70 21474836.00 21474836.00 162.52 156.46 150.40 144.34 138.28 132.22 126.16 120.10 21474836.00 21474836.00 101.92 95.86 21474836.00 83.74 77.68 71.62 65.56 184.32 178.26 21474836.00 166.14 160.08 154.02 147.96 141.90 135.84 21474836.00 123.72 117.66 111.60 105.54 99.48 93.42 21474836.00 81.30 75.24 69.18 
192.82 186.76 180.70 174.64 21474836.00 162.52 156.46 150.40 21474836.00 21474836.00 132.22 126.16 21474836.00 21474836.00 107.98 21474836.00 95.86 89.80 21474836.00 77.68 71.62 190.38 184.32 178.26 21474836.00 21474836.00 21474836.00 154.02 147.96 141.90 135.84 21474836.00 123.72 21474836.00 111.60 105.54 99.48 93.42 87.36 81.30 21474836.00 
198.88 192.82 186.76 180.70 174.64 168.58 21474836.00 156.46 21474836.00 21474836.00 21474836.00 132.22 21474836.00 120.10 21474836.00 21474836.00 101.92 95.86 89.80 83.74 77.68 196.44 190.38 184.32 178.26 172.20 21474836.00 160.08 154.02 147.96 141.90 135.84 129.78 123.72 117.66 111.60 21474836.00 21474836.00 93.42 87.36 81.30 
204.94 198.88 21474836.00 186.76 180.70 174.64 168.58 162.52 21474836.00 150.40 144.34 138.28 132.22 21474836.00 120.10 114.04 107.98 21474836.00 95.86 89.80 83.74 202.50 21474836.00 190.38 184.32 21474836.00 172.20 21474836.00 160.08 154.02 147.96 141.90 135.84 21474836.00 123.72 117.66 21474836.00 105.54 21474836.00 93.42 87.36 
211.00 204.94 198.88 21474836.00 186.76 180.70 174.64 168.58 162.52 156.46 21474836.00 21474836.00 21474836.00 21474836.00 126.16 21474836.00 114.04 107.98 101.92 95.86 89.80 208.56 202.50 21474836.00 190.38 184.32 21474836.00 172.20 21474836.00 160.08 154.02 147.96 21474836.00 135.84 129.78 21474836.00 117.66 111.60 21474836.00 21474836.00 93.42 
217.06 211.00 204.94 198.88 192.82 21474836.00 21474836.00 174.64 168.58 21474836.00 156.46 21474836.00 144.34 138.28 132.22 126.16 120.10 114.04 107.98 101.92 95.86 21474836.00 208.56 21474836.00 21474836.00 190.38 184.32 178.26 172.20 21474836.00 21474836.00 21474836.00 147.96 141.90 135.84 129.78 123.72 21474836.00 111.60 21474836.00 99.48 
223.12 217.06 211.00 21474836.00 21474836.00 21474836.00 186.76 21474836.00 174.64 168.58 21474836.00 156.46 21474836.00 144.34 21474836.00 132.22 126.16 120.10 21474836.00 107.98 101.92 220.68 214.62 208.56 21474836.00 21474836.00 190.38 21474836.00 178.26 21474836.00 166.14 160.08 154.02 147.96 21474836.00 135.84 21474836.00 123.72 117.66 111.60 105.54 
229.18 21474836.00 21474836.00 211.00 21474836.00 21474836.00 192.82 186.76 180.70 21474836.00 168.58 21474836.00 156.46 150.40 21474836.00 138.28 132.22 126.16 120.10 114.04 21474836.00 21474836.00 21474836.00 214.62 208.56 202.50 196.44 21474836.00 184.32 178.26 21474836.00 166.14 160.08 154.02 21474836.00 21474836.00 135.84 129.78 21474836.00 117.66 111.60 
21474836.00 21474836.00 21474836.00 217.06 211.00 21474836.00 198.88 21474836.00 21474836.00 180.70 174.64 21474836.00 21474836.00 156.46 150.40 21474836.00 138.28 132.22 126.16 21474836.00 114.04 232.80 21474836.00 220.68 214.62 208.56 202.50 21474836.00 190.38 21474836.00 178.26 172.20 21474836.00 160.08 154.02 147.96 21474836.00 21474836.00 129.78 123.72 117.66 
241.30 21474836.00 21474836.00 223.12 217.06 211.00 204.94 198.88 192.82 186.76 180.70 174.64 21474836.00 162.52 21474836.00 150.40 21474836.00 138.28 132.22 126.16 21474836.00 238.86 232.80 21474836.00 220.68 214.62 21474836.00 202.50 21474836.00 190.38 184.32 178.26 172.20 166.14 21474836.00 154.02 147.96 141.90 21474836.00 21474836.00 21474836.00 
21474836.00 241.30 235.24 229.18 223.12 217.06 21474836.00 204.94 198.88 192.82 186.76 21474836.00 174.64 168.58 162.52 156.46 150.40 144.34 138.28 132.22 126.16 244.92 21474836.00 232.80 226.74 220.68 214.62 21474836.00 202.50 21474836.00 190.38 184.32 178.26 172.20 166.14 21474836.00 21474836.00 147.96 141.90 135.84 129.78 
253.42 247.36 241.30 235.24 229.18 21474836.00 21474836.00 211.00 204.94 198.88 21474836.00 186.76 21474836.00 174.64 168.58 162.52 21474836.00 150.40 21474836.00 138.28 21474836.00 21474836.00 244.92 21474836.00 21474836.00 226.74 220.68 21474836.00 208.56 202.50 196.44 21474836.00 184.32 178.26 172.20 166.14 21474836.00 154.02 147.96 141.90 135.84 
21474836.00 253.42 21474836.00 241.30 235.24 229.18 21474836.00 217.06 211.00 204.94 198.88 192.82 186.76 180.70 174.64 168.58 162.52 21474836.00 150.40 144.34 21474836.00 257.04 250.98 21474836.00 21474836.00 232.80 21474836.00 220.68 214.62 208.56 202.50 196.44 190.38 21474836.00 21474836.00 172.20 166.14 160.08 154.02 147.96 141.90 
265.54 259.48 253.42 247.36 241.30 21474836.00 229.18 21474836.00 217.06 21474836.00 204.94 198.88 21474836.00 186.76 21474836.00 174.64 168.58 162.52 156.46 150.40 144.34 263.10 21474836.00 250.98 244.92 21474836.00 21474836.00 226.74 220.68 214.62 208.56 202.50 196.44 21474836.00 184.32 178.26 172.20 166.14 160.08 154.02 147.96 
271.60 265.54 259.48 253.42 247.36 241.30 21474836.00 229.18 223.12 21474836.00 211.00 204.94 198.88 192.82 186.76 180.70 21474836.00 168.58 162.52 156.46 21474836.00 269.16 21474836.00 257.04 250.98 244.92 21474836.00 21474836.00 226.74 21474836.00 214.62 21474836.00 202.50 196.44 21474836.00 184.32 21474836.00 172.20 166.14 160.08 21474836.00 
21474836.00 271.60 265.54 259.48 253.42 247.36 241.30 21474836.00 229.18 223.12 217.06 211.00 204.94 21474836.00 21474836.00 186.76 21474836.00 21474836.00 168.58 21474836.00 156.46 275.22 21474836.00 263.10 21474836.00 21474836.00 244.92 238.86 232.80 226.74 220.68 214.62 21474836.00 202.50 196.44 21474836.00 21474836.00 178.26 172.20 21474836.00 21474836.00 
283.72 277.66 271.60 265.54 259.48 253.42 247.36 241.30 235.24 229.18 21474836.00 21474836.00 21474836.00 21474836.00 198.88 21474836.00 186.76 180.70 174.64 21474836.00 21474836.00 21474836.00 275.22 269.16 263.10 21474836.00 21474836.00 21474836.00 238.86 21474836.00 226.74 220.68 214.62 208.56 202.50 196.44 190.38 21474836.00 178.26 172.20 166.14 
289.78 283.72 277.66 21474836.00 265.54 21474836.00 253.42 247.36 241.30 21474836.00 229.18 223.12 217.06 211.00 204.94 198.88 21474836.00 21474836.00 180.70 21474836.00 21474836.00 21474836.00 281.28 275.22 21474836.00 263.10 257.04 21474836.00 244.92 238.86 232.80 226.74 220.68 214.62 21474836.00 202.50 196.44 21474836.00 184.32 178.26 172.20 
21474836.00 21474836.00 283.72 277.66 21474836.00 265.54 259.48 253.42 247.36 241.30 235.24 229.18 21474836.00 217.06 211.00 21474836.00 21474836.00 21474836.00 186.76 180.70 174.64 293.40 287.34 281.28 275.22 21474836.00 263.10 257.04 250.98 244.92 238.86 232.80 21474836.00 220.68 21474836.00 208.56 202.50 196.44 190.38 21474836.00 178.26 
301.90 295.84 21474836.00 283.72 277.66 271.60 21474836.00 21474836.00 253.42 247.36 21474836.00 235.24 229.18 223.12 217.06 21474836.00 21474836.00 21474836.00 192.82 186.76 180.70 299.46 293.40 287.34 281.28 21474836.00 21474836.00 263.10 257.04 21474836.00 21474836.00 238.86 232.80 226.74 21474836.00 21474836.00 21474836.00 202.50 21474836.00 21474836.00 184.32 
307.96 301.90 21474836.00 21474836.00 283.72 277.66 271.60 265.54 21474836.00 253.42 247.36 241.30 235.24 229.18 223.12 217.06 211.00 21474836.00 198.88 192.82 21474836.00 21474836.00 21474836.00 293.40 21474836.00 281.28 275.22 269.16 263.10 21474836.00 250.98 244.92 21474836.00 232.80 226.74 220.68 21474836.00 21474836.00 202.50 21474836.00 190.38 
314.02 307.96 301.90 21474836.00 289.78 21474836.00 277.66 271.60 265.54 21474836.00 21474836.00 21474836.00 21474836.00 21474836.00 21474836.00 223.12 21474836.00 211.00 21474836.00 21474836.00 192.82 311.58 305.52 299.46 293.40 287.34 281.28 275.22 269.16 21474836.00 257.04 250.98 21474836.00 238.86 21474836.00 226.74 220.68 214.62 21474836.00 21474836.00 196.44 
19.52 21474836.00 31.64 37.70 43.76 21474836.00 55.88 21474836.00 68.00 74.06 21474836.00 86.18 21474836.00 98.30 104.36 110.42 116.48 122.54 128.60 134.66 140.72 17.08 23.14 21474836.00 35.26 41.32 21474836.00 21474836.00 21474836.00 65.56 71.62 77.68 83.74 21474836.00 95.86 101.92 21474836.00 114.04 120.10 21474836.00 21474836.00 
25.58 19.52 25.58 31.64 37.70 43.76 21474836.00 55.88 21474836.00 68.00 74.06 21474836.00 86.18 92.24 98.30 104.36 110.42 21474836.00 122.54 128.60 134.66 23.14 17.08 21474836.00 21474836.00 35.26 41.32 47.38 21474836.00 59.50 65.56 71.62 77.68 21474836.00 89.80 95.86 101.92 107.98 114.04 21474836.00 126.16 
31.64 25.58 19.52 21474836.00 21474836.00 21474836.00 43.76 49.82 55.88 21474836.00 68.00 74.06 80.12 21474836.00 92.24 98.30 104.36 110.42 21474836.00 122.54 128.60 29.20 21474836.00 21474836.00 23.14 29.20 35.26 41.32 47.38 21474836.00 59.50 65.56 71.62 21474836.00 83.74 89.80 95.86 101.92 21474836.00 114.04 120.10 
37.70 31.64 21474836.00 19.52 21474836.00 31.64 37.70 43.76 49.82 21474836.00 61.94 68.00 74.06 80.12 21474836.00 21474836.00 98.30 104.36 110.42 116.48 122.54 35.26 21474836.00 21474836.00 17.08 23.14 29.20 21474836.00 41.32 47.38 21474836.00 59.50 65.56 71.62 77.68 83.74 89.80 95.86 101.92 21474836.00 114.04 
43.76 21474836.00 31.64 25.58 19.52 25.58 21474836.00 37.70 43.76 49.82 55.88 61.94 68.00 74.06 80.12 21474836.00 92.24 98.30 104.36 110.42 116.48 41.32 21474836.00 21474836.00 23.14 17.08 23.14 21474836.00 35.26 41.32 47.38 53.44 59.50 65.56 71.62 21474836.00 83.74 21474836.00 95.86 21474836.00 107.98 
21474836.00 43.76 37.70 31.64 21474836.00 19.52 25.58 31.64 21474836.00 21474836.00 49.82 21474836.00 61.94 21474836.00 74.06 80.12 86.18 92.24 98.30 104.36 110.42 47.38 21474836.00 21474836.00 29.20 23.14 21474836.00 23.14 29.20 35.26 21474836.00 47.38 53.44 59.50 21474836.00 71.62 21474836.00 83.74 89.80 95.86 101.92 
55.88 21474836.00 21474836.00 37.70 31.64 25.58 21474836.00 25.58 31.64 21474836.00 43.76 49.82 55.88 61.94 68.00 74.06 80.12 21474836.00 21474836.00 21474836.00 21474836.00 53.44 21474836.00 41.32 35.26 29.20 23.14 21474836.00 23.14 29.20 35.26 21474836.00 21474836.00 21474836.00 21474836.00 65.56 71.62 77.68 83.74 89.80 21474836.00 
61.94 55.88 49.82 21474836.00 37.70 21474836.00 21474836.00 19.52 25.58 31.64 21474836.00 43.76 21474836.00 55.88 21474836.00 68.00 21474836.00 80.12 21474836.00 21474836.00 98.30 59.50 53.44 47.38 41.32 35.26 29.20 21474836.00 17.08 23.14 21474836.00 21474836.00 21474836.00 21474836.00 53.44 21474836.00 21474836.00 21474836.00 77.68 83.74 21474836.00 
21474836.00 61.94 21474836.00 49.82 43.76 37.70 31.64 25.58 19.52 21474836.00 31.64 37.70 43.76 49.82 55.88 61.94 21474836.00 21474836.00 80.12 86.18 92.24 21474836.00 59.50 53.44 21474836.00 21474836.00 35.26 29.20 21474836.00 21474836.00 23.14 29.20 35.26 21474836.00 21474836.00 53.44 59.50 65.56 71.62 77.68 21474836.00 
74.06 68.00 21474836.00 55.88 49.82 43.76 37.70 31.64 21474836.00 19.52 25.58 31.64 37.70 21474836.00 21474836.00 55.88 61.94 68.00 74.06 21474836.00 86.18 21474836.00 65.56 21474836.00 53.44 47.38 41.32 35.26 29.20 21474836.00 17.08 21474836.00 29.20 35.26 41.32 47.38 53.44 59.50 21474836.00 71.62 77.68 
80.12 74.06 68.00 61.94 21474836.00 49.82 43.76 21474836.00 31.64 25.58 19.52 21474836.00 31.64 37.70 43.76 21474836.00 55.88 21474836.00 21474836.00 74.06 21474836.00 77.68 21474836.00 65.56 59.50 53.44 47.38 21474836.00 35.26 21474836.00 21474836.00 17.08 23.14 21474836.00 21474836.00 41.32 47.38 53.44 59.50 65.56 71.62 
86.18 80.12 74.06 68.00 21474836.00 55.88 21474836.00 21474836.00 37.70 31.64 25.58 19.52 21474836.00 31.64 21474836.00 43.76 49.82 21474836.00 61.94 21474836.00 74.06 21474836.00 21474836.00 21474836.00 65.56 59.50 53.44 21474836.00 41.32 35.26 29.20 21474836.00 17.08 21474836.00 29.20 21474836.00 21474836.00 47.38 21474836.00 21474836.00 21474836.00 
92.24 86.18 80.12 21474836.00 21474836.00 61.94 55.88 49.82 21474836.00 37.70 21474836.00 25.58 19.52 21474836.00 31.64 37.70 43.76 49.82 55.88 21474836.00 68.00 21474836.00 21474836.00 77.68 71.62 65.56 59.50 53.44 21474836.00 41.32 35.26 29.20 23.14 17.08 23.14 29.20 35.26 21474836.00 47.38 53.44 59.50 
21474836.00 21474836.00 86.18 21474836.00 74.06 68.00 61.94 55.88 49.82 43.76 21474836.00 21474836.00 25.58 19.52 21474836.00 21474836.00 21474836.00 21474836.00 49.82 55.88 61.94 21474836.00 89.80 83.74 21474836.00 21474836.00 65.56 21474836.00 53.44 47.38 41.32 21474836.00 29.20 23.14 21474836.00 21474836.00 29.20 35.26 41.32 47.38 21474836.00 
104.36 98.30 92.24 86.18 80.12 74.06 68.00 61.94 55.88 49.82 43.76 37.70 21474836.00 25.58 19.52 25.58 31.64 21474836.00 43.76 21474836.00 55.88 101.92 21474836.00 89.80 83.74 77.68 71.62 65.56 59.50 53.44 47.38 41.32 35.26 29.20 23.14 17.08 23.14 29.20 35.26 21474836.00 47.38 
110.42 21474836.00 98.30 21474836.00 86.18 80.12 74.06 68.00 61.94 55.88 49.82 21474836.00 37.70 21474836.00 25.58 19.52 25.58 31.64 21474836.00 43.76 49.82 107.98 101.92 21474836.00 21474836.00 83.74 21474836.00 71.62 65.56 59.50 53.44 21474836.00 41.32 21474836.00 29.20 23.14 17.08 21474836.00 29.20 35.26 41.32 
116.48 21474836.00 104.36 21474836.00 92.24 86.18 21474836.00 21474836.00 21474836.00 61.94 55.88 49.82 43.76 37.70 21474836.00 25.58 19.52 25.58 31.64 37.70 43.76 114.04 107.98 101.92 21474836.00 21474836.00 21474836.00 77.68 71.62 65.56 59.50 53.44 47.38 21474836.00 35.26 21474836.00 21474836.00 17.08 23.14 29.20 35.26 
21474836.00 116.48 110.42 104.36 98.30 92.24 86.18 80.12 74.06 68.00 61.94 55.88 21474836.00 21474836.00 21474836.00 21474836.00 25.58 19.52 25.58 31.64 37.70 120.10 114.04 107.98 101.92 21474836.00 89.80 83.74 77.68 71.62 65.56 21474836.00 53.44 47.38 41.32 35.26 29.20 23.14 17.08 23.14 29.20 
128.60 122.54 21474836.00 21474836.00 104.36 98.30 21474836.00 86.18 80.12 74.06 68.00 61.94 55.88 21474836.00 43.76 21474836.00 21474836.00 21474836.00 19.52 25.58 21474836.00 21474836.00 21474836.00 114.04 107.98 21474836.00 95.86 89.80 83.74 77.68 21474836.00 65.56 21474836.00 53.44 47.38 41.32 21474836.00 29.20 23.14 17.08 21474836.00 
134.66 128.60 122.54 116.48 110.42 21474836.00 98.30 92.24 86.18 80.12 21474836.00 68.00 61.94 55.88 21474836.00 21474836.00 37.70 21474836.00 21474836.00 21474836.00 25.58 21474836.00 21474836.00 120.10 114.04 21474836.00 21474836.00 21474836.00 89.80 83.74 21474836.00 71.62 65.56 59.50 53.44 47.38 41.32 35.26 29.20 23.14 17.08 
140.72 134.66 128.60 21474836.00 116.48 110.42 21474836.00 21474836.00 92.24 86.18 80.12 21474836.00 21474836.00 61.94 21474836.00 21474836.00 21474836.00 37.70 21474836.00 25.58 19.52 21474836.00 132.22 126.16 120.10 114.04 21474836.00 101.92 21474836.00 89.80 83.74 77.68 71.62 65.56 59.50 21474836.00 21474836.00 41.32 35.26 29.20 21474836.00 
146.78 21474836.00 134.66 128.60 122.54 116.48 110.42 104.36 21474836.00 92.24 86.18 80.12 21474836.00 21474836.00 61.94 21474836.00 49.82 43.76 37.70 21474836.00 25.58 144.34 138.28 21474836.00 126.16 120.10 21474836.00 107.98 21474836.00 21474836.00 89.80 21474836.00 77.68 71.62 21474836.00 21474836.00 53.44 47.38 41.32 35.26 29.20 
152.84 146.78 140.72 134.66 21474836.00 122.54 116.48 110.42 104.36 21474836.00 92.24 21474836.00 21474836.00 74.06 21474836.00 21474836.00 55.88 21474836.00 43.76 37.70 31.64 150.40 144.34 138.28 132.22 126.16 120.10 114.04 21474836.00 21474836.00 95.86 89.80 83.74 77.68 71.62 65.56 59.50 21474836.00 21474836.00 41.32 35.26 
158.90 152.84 21474836.00 21474836.00 134.66 128.60 122.54 21474836.00 110.42 104.36 98.30 92.24 21474836.00 21474836.00 74.06 68.00 61.94 55.88 49.82 43.76 37.70 156.46 150.40 144.34 138.28 21474836.00 126.16 21474836.00 114.04 21474836.00 21474836.00 95.86 21474836.00 83.74 77.68 71.62 65.56 59.50 53.44 47.38 21474836.00 
21474836.00 158.90 152.84 146.78 140.72 134.66 21474836.00 122.54 21474836.00 110.42 104.36 98.30 92.24 86.18 80.12 74.06 21474836.00 61.94 55.88 49.82 21474836.00 162.52 156.46 150.40 21474836.00 138.28 132.22 126.16 21474836.00 114.04 21474836.00 101.92 95.86 89.80 21474836.00 21474836.00 21474836.00 21474836.00 21474836.00 53.44 21474836.00 
21474836.00 21474836.00 21474836.00 21474836.00 146.78 140.72 21474836.00 128.60 122.54 116.48 21474836.00 104.36 98.30 92.24 86.18 80.12 74.06 21474836.00 61.94 55.88 49.82 168.58 162.52 156.46 150.40 144.34 138.28 132.22 126.16 21474836.00 114.04 107.98 21474836.00 95.86 89.80 21474836.00 21474836.00 71.62 65.56 59.50 53.44 
177.08 171.02 21474836.00 158.90 21474836.00 21474836.00 21474836.00 134.66 128.60 122.54 116.48 21474836.00 21474836.00 98.30 21474836.00 86.18 80.12 74.06 68.00 61.94 55.88 174.64 168.58 162.52 21474836.00 150.40 21474836.00 138.28 132.22 21474836.00 120.10 21474836.00 21474836.00 101.92 21474836.00 89.80 21474836.00 77.68 71.62 65.56 59.50 
21474836.00 177.08 171.02 21474836.00 158.90 152.84 146.78 21474836.00 134.66 21474836.00 122.54 116.48 110.42 104.36 98.30 92.24 21474836.00 80.12 74.06 68.00 61.94 180.70 174.64 168.58 162.52 156.46 21474836.00 144.34 138.28 132.22 126.16 21474836.00 114.04 21474836.00 101.92 95.86 21474836.00 83.74 77.68 21474836.00 21474836.00 
21474836.00 183.14 177.08 21474836.00 164.96 158.90 152.84 21474836.00 140.72 134.66 128.60 122.54 116.48 110.42 104.36 98.30 92.24 86.18 21474836.00 74.06 68.00 186.76 180.70 174.64 168.58 162.52 156.46 150.40 144.34 138.28 21474836.00 126.16 21474836.00 21474836.00 107.98 101.92 21474836.00 89.80 83.74 77.68 21474836.00 
195.26 189.20 21474836.00 21474836.00 21474836.00 164.96 21474836.00 21474836.00 146.78 21474836.00 134.66 128.60 21474836.00 21474836.00 21474836.00 104.36 21474836.00 92.24 86.18 21474836.00 74.06 192.82 186.76 180.70 174.64 168.58 21474836.00 156.46 150.40 21474836.00 21474836.00 132.22 126.16 120.10 114.04 107.98 101.92 21474836.00 21474836.00 83.74 77.68 
201.32 195.26 21474836.00 21474836.00 177.08 171.02 164.96 21474836.00 152.84 21474836.00 21474836.00 21474836.00 21474836.00 122.54 116.48 21474836.00 21474836.00 98.30 21474836.00 21474836.00 80.12 198.88 192.82 186.76 180.70 174.64 168.58 21474836.00 156.46 150.40 144.34 138.28 132.22 21474836.00 21474836.00 21474836.00 107.98 21474836.00 95.86 21474836.00 21474836.00 
21474836.00 21474836.00 195.26 21474836.00 183.14 177.08 171.02 164.96 158.90 152.84 146.78 140.72 134.66 128.60 122.54 116.48 110.42 104.36 98.30 21474836.00 86.18 21474836.00 21474836.00 192.82 186.76 180.70 174.64 168.58 21474836.00 21474836.00 150.40 144.34 138.28 132.22 126.16 21474836.00 21474836.00 21474836.00 101.92 95.86 89.80 
213.44 21474836.00 21474836.00 195.26 21474836.00 21474836.00 21474836.00 21474836.00 164.96 158.90 152.84 21474836.00 140.72 21474836.00 128.60 21474836.00 116.48 110.42 21474836.00 98.30 92.24 211.00 204.94 198.88 21474836.00 186.76 180.70 174.64 168.58 162.52 21474836.00 150.40 144.34 138.28 132.22 126.16 21474836.00 114.04 21474836.00 101.92 21474836.00 
219.50 21474836.00 207.38 201.32 195.26 189.20 183.14 21474836.00 171.02 164.96 158.90 152.84 146.78 21474836.00 134.66 21474836.00 21474836.00 116.48 21474836.00 104.36 21474836.00 217.06 211.00 21474836.00 198.88 192.82 186.76 21474836.00 174.64 168.58 162.52 21474836.00 21474836.00 144.34 138.28 21474836.00 126.16 21474836.00 114.04 107.98 101.92 
21474836.00 219.50 213.44 207.38 201.32 21474836.00 189.20 183.14 177.08 171.02 21474836.00 158.90 21474836.00 146.78 140.72 21474836.00 21474836.00 122.54 116.48 110.42 21474836.00 223.12 21474836.00 211.00 204.94 198.88 192.82 186.76 180.70 21474836.00 168.58 162.52 156.46 150.40 144.34 138.28 132.22 126.16 21474836.00 21474836.00 107.98 
21474836.00 225.56 219.50 213.44 21474836.00 21474836.00 195.26 189.20 21474836.00 177.08 171.02 164.96 158.90 152.84 146.78 140.72 21474836.00 128.60 21474836.00 116.48 110.42 21474836.00 21474836.00 217.06 211.00 204.94 198.88 21474836.00 186.76 180.70 174.64 168.58 162.52 21474836.00 150.40 21474836.00 138.28 132.22 126.16 120.10 114.04 
237.68 21474836.00 21474836.00 21474836.00 21474836.00 21474836.00 21474836.00 195.26 21474836.00 21474836.00 177.08 171.02 164.96 21474836.00 152.84 146.78 140.72 134.66 21474836.00 122.54 116.48 235.24 229.18 21474836.00 217.06 211.00 21474836.00 198.88 192.82 21474836.00 180.70 174.64 168.58 162.52 156.46 150.40 144.34 138.28 132.22 126.16 120.10 
21474836.00 237.68 231.62 225.56 219.50 213.44 21474836.00 21474836.00 195.26 189.20 183.14 21474836.00 171.02 21474836.00 158.90 152.84 146.78 140.72 134.66 128.60 122.54 241.30 235.24 21474836.00 223.12 21474836.00 211.00 21474836.00 21474836.00 192.82 21474836.00 21474836.00 174.64 21474836.00 162.52 156.46 150.40 144.34 21474836.00 21474836.00 126.16 
249.80 21474836.00 237.68 231.62 225.56 21474836.00 213.44 21474836.00 201.32 21474836.00 189.20 21474836.00 177.08 171.02 164.96 158.90 152.84 146.78 140.72 21474836.00 128.60 247.36 21474836.00 21474836.00 21474836.00 223.12 21474836.00 21474836.00 204.94 198.88 21474836.00 21474836.00 21474836.00 174.64 168.58 21474836.00 156.46 21474836.00 21474836.00 138.28 132.22 
255.86 249.80 243.74 237.68 21474836.00 21474836.00 21474836.00 21474836.00 21474836.00 201.32 195.26 189.20 183.14 177.08 171.02 164.96 21474836.00 152.84 146.78 140.72 134.66 253.42 247.36 241.30 21474836.00 229.18 223.12 217.06 211.00 21474836.00 198.88 192.82 186.76 180.70 174.64 21474836.00 21474836.00 156.46 150.40 144.34 138.28 
261.92 21474836.00 249.80 243.74 237.68 231.62 21474836.00 219.50 213.44 207.38 201.32 195.26 189.20 183.14 177.08 21474836.00 21474836.00 158.90 152.84 146.78 21474836.00 21474836.00 253.42 21474836.00 241.30 21474836.00 229.18 223.12 217.06 211.00 204.94 198.88 21474836.00 21474836.00 180.70 174.64 168.58 162.52 21474836.00 150.40 144.34 
21474836.00 21474836.00 255.86 249.80 243.74 21474836.00 231.62 21474836.00 21474836.00 213.44 207.38 21474836.00 195.26 21474836.00 183.14 177.08 171.02 164.96 158.90 152.84 146.78 265.54 259.48 253.42 247.36 241.30 235.24 229.18 21474836.00 217.06 211.00 204.94 198.88 192.82 186.76 21474836.00 174.64 168.58 162.52 21474836.00 150.40 
274.04 267.98 261.92 255.86 249.80 243.74 237.68 231.62 225.56 21474836.00 213.44 207.38 201.32 195.26 189.20 183.14 21474836.00 21474836.00 21474836.00 158.90 152.84 271.60 265.54 259.48 253.42 21474836.00 241.30 235.24 229.18 223.12 217.06 211.00 204.94 198.88 192.82 186.76 180.70 174.64 168.58 162.52 156.46 
280.10 274.04 21474836.00 261.92 255.86 249.80 21474836.00 21474836.00 231.62 225.56 219.50 213.44 207.38 21474836.00 195.26 189.20 183.14 177.08 21474836.00 164.96 158.90 277.66 271.60 21474836.00 21474836.00 21474836.00 247.36 241.30 235.24 229.18 223.12 217.06 211.00 21474836.00 198.88 192.82 186.76 180.70 174.64 168.58 162.52 
286.16 280.10 274.04 267.98 261.92 255.86 21474836.00 243.74 237.68 231.62 21474836.00 219.50 213.44 207.38 21474836.00 195.26 189.20 183.14 177.08 21474836.00 164.96 283.72 21474836.00 271.60 265.54 259.48 253.42 247.36 241.30 235.24 229.18 21474836.00 217.06 211.00 21474836.00 198.88 192.82 21474836.00 180.70 174.64 168.58 
292.22 286.16 21474836.00 274.04 267.98 261.92 255.86 249.80 243.74 21474836.00 21474836.00 225.56 21474836.00 213.44 21474836.00 201.32 195.26 189.20 183.14 177.08 171.02 21474836.00 21474836.00 277.66 271.60 21474836.00 259.48 253.42 247.36 21474836.00 21474836.00 229.18 223.12 217.06 211.00 204.94 21474836.00 192.82 186.76 21474836.00 174.64 
298.28 21474836.00 286.16 280.10 274.04 267.98 261.92 255.86 249.80 21474836.00 237.68 231.62 21474836.00 219.50 21474836.00 207.38 21474836.00 21474836.00 21474836.00 21474836.00 177.08 295.84 289.78 21474836.00 277.66 271.60 265.54 21474836.00 253.42 247.36 241.30 235.24 229.18 223.12 21474836.00 211.00 204.94 198.88 192.82 21474836.00 180.70 
21474836.00 298.28 292.22 21474836.00 280.10 274.04 267.98 261.92 255.86 21474836.00 21474836.00 237.68 21474836.00 225.56 21474836.00 213.44 21474836.00 201.32 21474836.00 189.20 183.14 21474836.00 295.84 289.78 21474836.00 21474836.00 271.60 265.54 21474836.00 21474836.00 247.36 21474836.00 235.24 229.18 223.12 217.06 21474836.00 204.94 21474836.00 192.82 21474836.00 
310.40 304.34 21474836.00 292.22 286.16 280.10 21474836.00 267.98 261.92 255.86 249.80 243.74 237.68 231.62 225.56 21474836.00 213.44 207.38 201.32 195.26 189.20 307.96 301.90 21474836.00 21474836.00 283.72 21474836.00 21474836.00 21474836.00 259.48 253.42 247.36 241.30 235.24 229.18 223.12 217.06 211.00 204.94 198.88 21474836.00 
316.46 310.40 304.34 298.28 21474836.00 21474836.00 280.10 21474836.00 267.98 261.92 255.86 21474836.00 243.74 237.68 21474836.00 21474836.00 219.50 213.44 21474836.00 201.32 195.26 314.02 21474836.00 301.90 295.84 289.78 283.72 277.66 21474836.00 265.54 259.48 21474836.00 247.36 241.30 21474836.00 229.18 223.12 217.06 211.00 21474836.00 21474836.00 

(0.00,17.08) (6.06,17.08) (12.12,17.08) (18.18,17.08) (24.24,17.08) (30.30,17.08) (36.36,17.08) (42.42,17.08) (48.48,17.08) (54.54,17.08) (60.60,17.08) (66.66,17.08) (72.72,17.08) (78.78,17.08) (84.84,17.08) (90.90,17.08) (96.96,17.08) (103.02,17.08) (109.08,17.08) (115.14,17.08) (121.20,17.08) (127.26,17.08) (133.32,17.08) (139.38,17.08) (145.44,17.08) (151.50,17.08) (157.56,17.08) (163.62,17.08) (169.68,17.08) (175.74,17.08) (181.80,17.08) (187.86,17.08) (193.92,17.08) (199.98,17.08) (206.04,17.08) (212.10,17.08) (218.16,17.08) (224.22,17.08) (230.28,17.08) (236.34,17.08) (242.40,17.08) (248.46,17.08) (254.52,17.08) (260.58,17.08) (266.64,17.08) (272.70,17.08) (278.76,17.08) (284.82,17.08) (290.88,17.08) (296.94,17.08) (0.00,19.52) (6.06,19.52) (12.12,19.52) (18.18,19.52) (24.24,19.52) (30.30,19.52) (36.36,19.52) (42.42,19.52) (48.48,19.52) (54.54,19.52) (60.60,19.52) (66.66,19.52) (72.72,19.52) (78.78,19.52) (84.84,19.52) (90.90,19.52) (96.96,19.52) (103.02,19.52) (109.08,19.52) (115.14,19.52) (121.20,19.52) (127.26,19.52) (133.32,19.52) (139.38,19.52) (145.44,19.52) (151.50,19.52) (157.56,19.52) (163.62,19.52) (169.68,19.52) (175.74,19.52) (181.80,19.52) (187.86,19.52) (193.92,19.52) (199.98,19.52) (206.04,19.52) (212.10,19.52) (218.16,19.52) (224.22,19.52) (230.28,19.52) (236.34,19.52) (242.40,19.52) (248.46,19.52) (254.52,19.52) (260.58,19.52) (266.64,19.52) (272.70,19.52) (278.76,19.52) (284.82,19.52) (290.88,19.52) (296.94,19.52) 
(0.00,0.00) (6.06,0.00) (12.12,0.00) (18.18,0.00) (24.24,0.00) (30.30,0.00) (36.36,0.00) (42.42,0.00) (48.48,0.00) (54.54,0.00) (60.60,0.00) (66.66,0.00) (72.72,0.00) (78.78,0.00) (84.84,0.00) (90.90,0.00) (96.96,0.00) (103.02,0.00) (109.08,0.00) (115.14,0.00) (121.20,0.00) (0.00,2.44) (6.06,2.44) (12.12,2.44) (18.18,2.44) (24.24,2.44) (30.30,2.44) (36.36,2.44) (42.42,2.44) (48.48,2.44) (54.54,2.44) (60.60,2.44) (66.66,2.44) (72.72,2.44) (78.78,2.44) (84.84,2.44) (90.90,2.44) (96.96,2.44) (103.02,2.44) (109.08,2.44) (115.14,2.44) 
(4.5,1.0) (2.0,1.0) (3.0,1.0) (4.0,0.5) (2.5,1.0) (4.0,1.0) (2.5,1.0) (3.5,0.5) (4.5,1.0) (3.0,1.0) (5.0,0.5) (1.5,0.5) (1.5,1.0) (1.0,1.5) (2.5,1.5) (4.0,1.0) (4.0,0.5) (1.5,1.0) (2.0,0.5) (5.0,1.0) (3.5,0.5) (5.0,0.5) (2.5,1.0) (3.0,1.0) (2.0,1.0) (4.0,1.5) (1.5,0.5) (0.5,1.5) (4.5,1.0) (0.5,1.0) (0.0,0.5) (2.5,0.5) (0.5,1.5) (2.5,1.0) (4.0,1.0) (5.0,0.5) (1.0,0.0) (3.0,0.5) (0.0,1.0) (4.5,1.0) (4.5,1.0) (0.5,1.0) (2.5,1.0) (5.0,0.0) (1.5,0.5) (1.0,1.0) (2.5,0.5) (2.5,1.0) (1.0,0.0) (3.0,1.5) (0.5,0.5) (2.0,0.5) (4.0,0.0) (2.0,0.5) (4.0,0.5) (1.0,1.0) (3.0,0.5) (0.5,0.5) (2.5,1.5) (3.5,0.5) (1.0,1.0) (3.0,1.0) (4.0,1.0) (3.5,1.0) (5.0,0.5) (4.5,0.5) (0.5,1.5) (4.0,1.5) (0.5,0.5) (2.5,0.0) (2.5,1.0) (4.5,0.0) (4.0,1.0) (2.0,0.5) (2.0,1.5) (4.0,0.5) (4.5,1.0) (2.5,1.5) (1.5,1.0) (4.5,0.0) (5.0,0.5) (1.0,1.0) (0.5,1.0) (3.5,1.0) (4.5,0.5) (0.5,0.5) (4.0,1.5) (4.0,0.5) (2.0,1.5) (2.0,0.5) (0.5,0.5) (3.5,1.5) (0.5,0.5) (4.5,0.0) (4.5,0.5) (2.0,1.0) (2.0,0.5) (0.5,0.0) (0.5,0.5) (4.0,1.5) 
