100
40
3

1 1 1 1 1 0 1 0 0 1 1 1 1 1 1 1 1 1 1 1 1 1 0 1 1 0 1 1 0 1 1 1 1 0 1 1 1 1 1 1 1 1 1 0 1 1 1 1 1 1 1 1 1 1 1 1 1 1 1 0 1 1 1 1 1 0 1 1 1 1 1 1 0 0 1 1 0 1 1 0 1 1 1 0 1 0 1 1 1 1 1 1 1 0 1 0 1 1 1 1 
0 1 0 1 0 0 0 0 0 0 0 0 0 0 0 1 0 0 0 0 1 1 0 1 0 0 0 1 0 0 0 0 0 0 0 0 1 0 0 0 1 1 1 0 0 0 0 0 0 0 1 1 0 0 0 0 0 0 1 0 1 1 0 0 0 0 0 1 1 0 0 0 0 0 0 0 0 0 1 0 0 0 0 0 0 0 1 0 0 0 1 0 1 0 0 0 1 0 0 1 
0 0 1 1 1 0 0 0 0 0 1 0 1 0 1 1 0 0 0 1 1 1 0 1 0 0 0 0 0 0 1 1 0 0 1 1 1 0 1 1 1 1 1 0 0 1 1 1 1 1 1 1 1 1 1 1 1 1 1 0 1 1 1 0 1 0 1 1 1 1 1 0 0 0 1 0 0 0 1 0 1 0 1 0 1 0 1 1 1 0 1 0 1 0 1 0 1 1 0 1 
0 0 0 1 0 0 0 0 0 0 0 0 0 0 0 1 0 0 0 0 0 0 0 1 0 0 0 0 0 0 0 0 0 0 0 0 1 0 0 0 0 1 1 0 0 0 0 0 0 0 0 0 0 0 0 0 0 0 0 0 0 1 0 0 0 0 0 0 1 0 0 0 0 0 0 0 0 0 0 0 0 0 0 0 0 0 0 0 0 0 1 0 0 0 0 0 0 0 0 1 
0 0 0 0 1 0 0 0 0 0 0 0 0 0 0 0 0 0 0 0 0 0 0 0 0 0 0 0 0 0 0 0 0 0 0 0 0 0 0 0 0 0 0 0 0 0 0 0 0 0 0 0 0 0 0 0 0 0 0 0 0 0 0 0 0 0 0 0 1 0 0 0 0 0 0 0 0 0 0 0 0 0 0 0 0 0 0 0 0 0 0 0 1 0 0 0 1 0 0 1 
1 1 1 1 1 1 1 0 1 1 1 1 1 1 1 1 1 1 1 1 1 1 1 1 1 1 1 1 1 1 1 1 1 1 1 1 1 1 1 1 1 1 1 1 1 1 1 1 1 1 1 1 1 1 1 1 1 1 1 1 1 1 1 1 1 1 1 1 1 1 1 1 1 1 1 1 1 1 1 1 1 1 1 1 1 1 1 1 1 1 1 1 1 1 1 1 1 1 1 1 
0 0 0 1 1 0 1 0 0 0 1 0 1 0 1 1 0 0 1 1 0 0 0 1 0 0 0 0 0 1 1 1 0 0 0 1 1 0 1 1 0 1 1 0 0 0 1 1 1 1 0 0 1 1 1 0 1 1 0 0 0 1 1 0 1 0 0 0 1 0 1 0 0 0 1 0 0 0 0 0 0 0 0 0 1 0 1 1 1 0 1 0 1 0 1 0 1 1 0 1 
0 0 0 0 0 0 0 1 0 1 0 0 0 1 0 1 0 0 0 0 0 0 0 0 0 0 0 0 0 0 0 0 0 0 0 0 0 0 0 0 1 1 1 0 0 0 0 0 0 0 0 1 0 0 0 0 0 0 1 0 0 0 0 0 0 0 0 1 1 0 0 0 0 0 0 1 0 0 0 0 0 0 0 0 0 0 0 0 0 1 1 0 0 0 0 0 0 0 0 0 
1 1 1 1 1 0 1 0 1 1 1 1 1 1 1 1 1 1 1 1 1 1 0 1 1 1 1 1 0 1 1 1 1 0 1 1 1 1 1 1 1 1 1 0 1 1 1 1 1 1 1 1 1 1 1 1 1 1 1 0 1 1 1 1 1 0 1 1 1 1 1 1 0 0 1 1 0 1 1 0 1 1 1 1 1 0 1 1 1 1 1 1 1 1 1 0 1 1 1 1 
0 0 0 0 0 0 0 0 0 1 0 0 0 0 0 1 0 0 0 0 0 0 0 0 0 0 0 0 0 0 0 0 0 0 0 0 0 0 0 0 1 0 1 0 0 0 0 0 0 0 0 0 0 0 0 0 0 0 0 0 0 0 0 0 0 0 0 0 0 0 0 0 0 0 0 1 0 0 0 0 0 0 0 0 0 0 0 0 0 0 1 0 0 0 0 0 0 0 0 0 
0 0 0 0 0 0 0 0 0 0 1 0 0 0 0 0 0 0 0 0 0 0 0 0 0 0 0 0 0 0 0 1 0 0 0 0 1 0 0 0 0 0 1 0 0 0 0 0 0 0 0 0 0 0 0 0 0 0 0 0 0 0 0 0 0 0 0 0 1 0 0 0 0 0 0 0 0 0 0 0 0 0 0 0 0 0 1 0 0 0 0 0 1 0 0 0 1 0 0 1 
0 1 0 1 0 0 0 0 0 1 0 1 0 1 0 1 0 0 0 0 1 1 0 1 0 0 0 1 0 0 0 0 0 0 0 0 1 0 0 0 1 1 1 0 1 0 0 0 0 0 1 1 0 0 0 0 0 0 1 0 1 1 0 0 0 0 0 1 1 0 0 0 0 0 0 1 0 0 1 0 0 0 0 0 0 0 1 0 0 0 1 0 1 0 0 0 1 0 0 1 
0 0 0 0 0 0 0 0 0 0 0 0 1 0 0 1 0 0 0 0 0 0 0 0 0 0 0 0 0 0 0 0 0 0 0 0 1 0 0 0 0 0 1 0 0 0 0 0 0 0 0 0 0 0 0 0 0 0 0 0 0 0 0 0 0 0 0 0 1 0 0 0 0 0 0 0 0 0 0 0 0 0 0 0 0 0 1 0 0 0 0 0 1 0 0 0 1 0 0 1 
0 0 0 0 0 0 0 0 0 0 0 0 0 1 0 1 0 0 0 0 0 0 0 0 0 0 0 0 0 0 0 0 0 0 0 0 0 0 0 0 1 0 1 0 0 0 0 0 0 0 0 1 0 0 0 0 0 0 0 0 0 0 0 0 0 0 0 1 1 0 0 0 0 0 0 0 0 0 0 0 0 0 0 0 0 0 0 0 0 0 1 0 0 0 0 0 0 0 0 0 
0 0 0 0 0 0 0 0 0 0 0 0 0 0 1 0 0 0 0 0 0 0 0 0 0 0 0 0 0 0 0 0 0 0 0 0 0 0 0 0 0 0 0 0 0 0 0 0 0 0 0 0 0 0 0 0 0 0 0 0 0 0 0 0 0 0 0 0 1 0 0 0 0 0 0 0 0 0 0 0 0 0 0 0 0 0 0 0 0 0 0 0 0 0 0 0 1 0 0 1 
0 0 0 0 0 0 0 0 0 0 0 0 0 0 0 1 0 0 0 0 0 0 0 0 0 0 0 0 0 0 0 0 0 0 0 0 0 0 0 0 0 0 1 0 0 0 0 0 0 0 0 0 0 0 0 0 0 0 0 0 0 0 0 0 0 0 0 0 0 0 0 0 0 0 0 0 0 0 0 0 0 0 0 0 0 0 0 0 0 0 0 0 0 0 0 0 0 0 0 0 
0 1 0 1 1 0 0 0 0 1 1 1 1 1 1 1 1 0 0 1 1 1 0 1 0 0 1 1 0 0 1 1 0 0 1 1 1 1 1 1 1 1 1 0 1 1 1 1 1 1 1 1 1 1 1 0 1 1 1 0 1 1 1 0 1 0 1 1 1 1 1 0 0 0 1 1 0 1 1 0 0 0 1 0 1 0 1 1 1 0 1 1 1 0 1 0 1 1 0 1 
0 1 0 1 0 0 0 0 0 1 0 1 1 1 0 1 0 1 0 0 1 1 0 1 1 0 1 1 0 0 0 1 0 0 0 0 1 0 0 0 1 1 1 0 1 0 0 0 0 0 1 1 0 0 0 0 0 0 1 0 1 1 0 0 0 0 0 1 1 0 0 1 0 0 0 1 0 0 1 0 0 0 0 0 0 0 1 0 0 1 1 0 1 0 0 0 1 0 1 1 
0 0 0 0 1 0 0 0 0 0 1 0 1 0 1 1 0 0 1 0 0 0 0 0 0 0 0 0 0 0 0 1 0 0 0 0 1 0 0 0 0 0 1 0 0 0 1 0 0 0 0 0 1 0 1 0 0 0 0 0 0 0 1 0 1 0 0 0 1 0 1 0 0 0 1 0 0 0 0 0 0 0 0 0 0 0 1 1 1 0 0 0 1 0 1 0 1 1 0 1 
0 0 0 0 1 0 0 0 0 0 1 0 1 0 0 1 0 0 0 1 0 0 0 1 0 0 0 0 0 0 1 1 0 0 0 1 1 0 0 0 0 1 1 0 0 0 0 0 1 0 0 0 0 0 1 0 0 0 0 0 0 1 0 0 0 0 0 0 1 0 0 0 0 0 1 0 0 0 0 0 0 0 0 0 1 0 1 0 0 0 0 0 1 0 0 0 1 0 0 1 
0 0 0 0 0 0 0 0 0 0 0 0 0 0 0 1 0 0 0 0 1 1 0 0 0 0 0 0 0 0 0 0 0 0 0 0 0 0 0 0 1 1 1 0 0 0 0 0 0 0 0 1 0 0 0 0 0 0 1 0 0 0 0 0 0 0 0 1 1 0 0 0 0 0 0 0 0 0 0 0 0 0 0 0 0 0 0 0 0 0 1 0 0 0 0 0 0 0 0 0 
0 0 0 0 0 0 0 0 0 0 0 0 0 0 0 1 0 0 0 0 0 1 0 0 0 0 0 0 0 0 0 0 0 0 0 0 0 0 0 0 0 1 1 0 0 0 0 0 0 0 0 0 0 0 0 0 0 0 0 0 0 0 0 0 0 0 0 0 1 0 0 0 0 0 0 0 0 0 0 0 0 0 0 0 0 0 0 0 0 0 1 0 0 0 0 0 0 0 0 0 
1 1 1 1 1 0 1 0 1 1 1 1 1 1 1 1 1 1 1 1 1 1 1 1 1 1 1 1 1 1 1 1 1 1 1 1 1 1 1 1 1 1 1 1 1 1 1 1 1 1 1 1 1 1 1 1 1 1 1 1 1 1 1 1 1 1 1 1 1 1 1 1 0 1 1 1 1 1 1 0 1 1 1 1 1 1 1 1 1 1 1 1 1 1 1 1 1 1 1 1 
0 0 0 0 0 0 0 0 0 0 0 0 0 0 0 1 0 0 0 0 0 0 0 1 0 0 0 0 0 0 0 0 0 0 0 0 1 0 0 0 0 0 1 0 0 0 0 0 0 0 0 0 0 0 0 0 0 0 0 0 0 1 0 0 0 0 0 0 1 0 0 0 0 0 0 0 0 0 0 0 0 0 0 0 0 0 0 0 0 0 0 0 0 0 0 0 0 0 0 1 
0 0 0 0 0 0 0 0 0 1 0 0 0 1 0 1 0 0 0 0 1 1 0 0 1 0 0 0 0 0 0 0 0 0 0 0 1 0 0 0 1 1 1 0 0 0 0 0 0 0 0 1 0 0 0 0 0 0 1 0 0 1 0 0 0 0 0 1 1 0 0 0 0 0 0 1 0 0 0 0 0 0 0 0 0 0 0 0 0 1 1 0 0 0 0 0 0 0 0 0 
0 0 0 0 1 0 0 0 0 0 0 0 0 0 1 0 0 0 0 0 0 0 0 0 0 1 0 0 0 0 0 1 1 0 0 0 0 0 0 0 0 0 1 0 0 0 0 0 0 0 0 0 1 0 0 0 0 0 0 0 0 0 0 0 1 0 0 0 1 0 1 0 0 0 0 0 0 0 0 0 0 0 0 0 0 0 1 0 1 0 0 0 1 0 0 0 1 1 0 1 
0 0 0 1 0 0 0 0 0 0 0 0 1 0 0 1 0 0 0 0 1 1 0 1 0 0 1 1 0 0 0 0 0 0 0 0 1 0 0 0 1 1 1 0 0 0 0 0 0 0 1 1 0 0 0 0 0 0 1 0 1 1 0 0 0 0 0 1 1 0 0 0 0 0 0 0 0 0 1 0 0 0 0 0 0 0 1 0 0 0 1 0 1 0 0 0 1 0 0 1 
0 0 0 1 0 0 0 0 0 0 0 0 0 0 0 1 0 0 0 0 1 1 0 1 0 0 0 1 0 0 0 0 0 0 0 0 1 0 0 0 1 1 1 0 0 0 0 0 0 0 1 1 0 0 0 0 0 0 1 0 1 1 0 0 0 0 0 1 1 0 0 0 0 0 0 0 0 0 1 0 0 0 0 0 0 0 1 0 0 0 1 0 1 0 0 0 1 0 0 1 
0 0 0 0 1 0 0 0 0 0 1 0 1 0 1 1 0 0 1 1 0 0 0 1 0 1 0 0 1 0 1 1 1 0 0 1 1 0 1 1 0 1 1 0 0 0 1 1 1 0 0 0 1 1 1 0 1 1 0 1 0 1 1 0 1 0 0 0 1 0 1 0 0 0 1 0 0 0 0 0 0 0 0 0 1 1 1 1 1 0 0 0 1 0 1 0 1 1 0 1 
0 0 0 1 1 0 1 0 0 0 1 0 1 0 1 1 0 0 1 1 0 0 0 1 0 0 0 0 0 1 1 1 0 0 0 1 1 0 1 1 0 1 1 0 0 0 1 1 1 1 0 0 1 1 1 0 1 1 0 0 0 1 1 0 1 0 0 0 1 0 1 0 0 0 1 0 0 0 0 0 0 0 0 0 1 0 1 1 1 0 1 0 1 0 1 0 1 1 0 1 
0 0 0 0 0 0 0 0 0 0 0 0 1 0 0 1 0 0 0 0 0 0 0 1 0 0 0 0 0 0 1 1 0 0 0 0 1 0 0 0 0 0 1 0 0 0 0 0 0 0 0 0 0 0 0 0 0 0 0 0 0 1 0 0 0 0 0 0 1 0 0 0 0 0 0 0 0 0 0 0 0 0 0 0 0 0 1 0 0 0 0 0 1 0 0 0 1 0 0 1 
0 0 0 0 0 0 0 0 0 0 0 0 0 0 0 0 0 0 0 0 0 0 0 0 0 0 0 0 0 0 0 1 0 0 0 0 0 0 0 0 0 0 1 0 0 0 0 0 0 0 0 0 0 0 0 0 0 0 0 0 0 0 0 0 0 0 0 0 1 0 0 0 0 0 0 0 0 0 0 0 0 0 0 0 0 0 1 0 0 0 0 0 1 0 0 0 1 0 0 1 
0 0 0 0 1 0 0 0 0 0 0 0 0 0 1 0 0 0 0 0 0 0 0 0 0 0 0 0 0 0 0 0 1 0 0 0 0 0 0 0 0 0 0 0 0 0 0 0 0 0 0 0 0 0 0 0 0 0 0 0 0 0 0 0 0 0 0 0 1 0 0 0 0 0 0 0 0 0 0 0 0 0 0 0 0 0 0 0 0 0 0 0 1 0 0 0 1 0 0 1 
0 1 1 1 1 0 1 0 0 1 1 1 1 1 1 1 1 1 1 1 1 1 0 1 1 0 1 1 0 1 1 1 0 1 1 1 1 1 1 1 1 1 1 1 1 1 1 1 1 1 1 1 1 1 1 1 1 1 1 0 1 1 1 1 1 0 1 1 1 1 1 1 0 0 1 1 0 1 1 0 1 1 1 0 1 0 1 1 1 1 1 1 1 0 1 1 1 1 1 1 
0 0 0 1 1 0 0 0 0 0 1 0 1 0 0 1 0 0 0 0 1 1 0 1 0 0 0 0 0 0 1 1 0 0 1 1 1 0 0 0 1 1 1 0 0 0 0 0 1 0 1 1 0 0 1 0 0 0 1 0 1 1 0 0 0 0 1 1 1 0 0 0 0 0 1 0 0 0 1 0 0 0 0 0 1 0 1 0 0 0 1 0 1 0 0 0 1 0 0 1 
0 0 0 0 0 0 0 0 0 0 0 0 1 0 0 1 0 0 0 0 0 0 0 1 0 0 0 0 0 0 1 1 0 0 0 1 1 0 0 0 0 0 1 0 0 0 0 0 0 0 0 0 0 0 0 0 0 0 0 0 0 1 0 0 0 0 0 0 1 0 0 0 0 0 1 0 0 0 0 0 0 0 0 0 0 0 1 0 0 0 0 0 1 0 0 0 1 0 0 1 
0 0 0 0 0 0 0 0 0 0 0 0 0 0 0 0 0 0 0 0 0 0 0 0 0 0 0 0 0 0 0 0 0 0 0 0 1 0 0 0 0 0 1 0 0 0 0 0 0 0 0 0 0 0 0 0 0 0 0 0 0 0 0 0 0 0 0 0 1 0 0 0 0 0 0 0 0 0 0 0 0 0 0 0 0 0 0 0 0 0 0 0 0 0 0 0 0 0 0 0 
0 1 0 1 1 0 0 0 0 0 1 0 1 0 1 1 0 0 0 1 1 1 0 1 0 0 1 1 0 0 1 1 0 0 1 1 1 1 1 1 1 1 1 0 0 1 1 1 1 1 1 1 1 1 1 0 0 1 1 0 1 1 1 0 0 0 1 1 1 1 1 0 0 0 1 0 0 0 1 0 0 0 1 0 1 0 1 0 1 0 1 0 1 0 1 0 1 1 0 1 
0 0 0 0 1 0 0 0 0 0 1 0 1 0 0 1 0 0 0 1 0 0 0 1 0 0 0 0 0 0 1 1 0 0 0 1 1 0 1 0 0 1 1 0 0 0 0 0 1 0 0 0 0 0 1 0 0 1 0 0 0 1 0 0 0 0 0 0 1 0 0 0 0 0 1 0 0 0 0 0 0 0 0 0 1 0 1 0 0 0 0 0 1 0 0 0 1 0 0 1 
0 0 0 0 1 0 0 0 0 0 1 0 1 0 1 1 0 0 0 0 0 0 0 1 0 0 0 0 0 0 1 1 0 0 0 1 1 0 0 1 0 0 1 0 0 0 1 0 1 0 0 0 1 0 1 0 0 0 0 0 0 1 1 0 0 0 0 0 1 0 1 0 0 0 1 0 0 0 0 0 0 0 0 0 0 0 1 0 1 0 0 0 1 0 1 0 1 1 0 1 
0 0 0 0 0 0 0 0 0 0 0 0 0 0 0 1 0 0 0 0 0 0 0 0 0 0 0 0 0 0 0 0 0 0 0 0 0 0 0 0 1 0 1 0 0 0 0 0 0 0 0 0 0 0 0 0 0 0 0 0 0 0 0 0 0 0 0 0 0 0 0 0 0 0 0 0 0 0 0 0 0 0 0 0 0 0 0 0 0 0 1 0 0 0 0 0 0 0 0 0 
0 0 0 0 0 0 0 0 0 0 0 0 0 0 0 1 0 0 0 0 0 0 0 0 0 0 0 0 0 0 0 0 0 0 0 0 0 0 0 0 0 1 1 0 0 0 0 0 0 0 0 0 0 0 0 0 0 0 0 0 0 0 0 0 0 0 0 0 1 0 0 0 0 0 0 0 0 0 0 0 0 0 0 0 0 0 0 0 0 0 0 0 0 0 0 0 0 0 0 0 
0 0 0 0 0 0 0 0 0 0 0 0 0 0 0 0 0 0 0 0 0 0 0 0 0 0 0 0 0 0 0 0 0 0 0 0 0 0 0 0 0 0 1 0 0 0 0 0 0 0 0 0 0 0 0 0 0 0 0 0 0 0 0 0 0 0 0 0 0 0 0 0 0 0 0 0 0 0 0 0 0 0 0 0 0 0 0 0 0 0 0 0 0 0 0 0 0 0 0 0 
0 1 0 1 1 0 0 0 0 1 1 1 1 1 0 1 0 1 0 0 1 1 0 1 1 0 1 1 0 0 1 1 0 0 1 1 1 0 0 0 1 1 1 1 1 0 0 0 1 0 1 1 0 0 1 0 0 0 1 0 1 1 0 0 0 0 1 1 1 0 0 1 0 0 1 1 0 0 1 0 0 0 0 0 1 0 1 0 0 1 1 1 1 0 0 0 1 0 1 1 
0 1 0 1 0 0 0 0 0 0 0 0 0 1 0 1 0 0 0 0 1 1 0 1 0 0 0 1 0 0 0 0 0 0 0 0 1 0 0 0 1 1 1 0 1 0 0 0 0 0 1 1 0 0 0 0 0 0 1 0 1 1 0 0 0 0 0 1 1 0 0 0 0 0 0 0 0 0 1 0 0 0 0 0 0 0 1 0 0 0 1 0 1 0 0 0 1 0 0 1 
0 0 0 1 1 0 0 0 0 0 1 0 1 0 0 1 0 0 0 1 0 1 0 1 0 0 0 0 0 0 1 1 0 0 0 1 1 0 1 0 1 1 1 0 0 1 0 0 1 1 0 1 0 0 1 0 0 1 0 0 0 1 0 0 0 0 0 0 1 0 0 0 0 0 1 0 0 0 0 0 0 0 1 0 1 0 1 0 0 0 1 0 1 0 0 0 1 0 0 1 
0 0 0 0 1 0 0 0 0 0 1 0 1 0 1 1 0 0 0 0 0 0 0 0 0 0 0 0 0 0 0 1 0 0 0 0 1 0 0 0 0 0 1 0 0 0 1 0 0 0 0 0 1 0 1 0 0 0 0 0 0 0 1 0 0 0 0 0 1 0 1 0 0 0 1 0 0 0 0 0 0 0 0 0 0 0 1 0 1 0 0 0 1 0 1 0 1 1 0 1 
0 0 0 0 1 0 0 0 0 0 1 0 1 0 1 1 0 0 0 1 0 0 0 1 0 0 0 0 0 0 1 1 0 0 0 1 1 0 0 1 0 1 1 0 0 0 1 1 1 0 0 0 1 1 1 0 0 0 0 0 0 1 1 0 0 0 0 0 1 0 1 0 0 0 1 0 0 0 0 0 0 0 0 0 1 0 1 0 1 0 0 0 1 0 1 0 1 1 0 1 
0 0 0 0 0 0 0 0 0 0 1 0 1 0 0 1 0 0 0 0 0 0 0 1 0 0 0 0 0 0 1 1 0 0 0 1 1 0 0 0 0 0 1 0 0 0 0 0 1 0 0 0 0 0 0 0 0 0 0 0 0 1 0 0 0 0 0 0 1 0 0 0 0 0 1 0 0 0 0 0 0 0 0 0 0 0 1 0 0 0 0 0 1 0 0 0 1 0 0 1 
0 0 0 0 1 0 0 0 0 0 1 0 1 0 0 1 0 0 0 1 0 0 0 1 0 0 0 0 0 0 1 1 0 0 0 1 1 0 1 0 0 1 1 0 0 0 0 0 1 1 0 0 0 0 1 0 0 1 0 0 0 1 0 0 0 0 0 0 1 0 0 0 0 0 1 0 0 0 0 0 0 0 0 0 1 0 1 0 0 0 1 0 1 0 0 0 1 0 0 1 
0 0 0 1 0 0 0 0 0 0 0 0 0 0 0 1 0 0 0 0 0 1 0 1 0 0 0 0 0 0 0 0 0 0 0 0 1 0 0 0 1 1 1 0 0 0 0 0 0 0 1 1 0 0 0 0 0 0 1 0 1 1 0 0 0 0 0 1 1 0 0 0 0 0 0 0 0 0 0 0 0 0 0 0 0 0 0 0 0 0 1 0 0 0 0 0 0 0 0 1 
0 0 0 0 0 0 0 0 0 0 0 0 0 0 0 1 0 0 0 0 0 0 0 0 0 0 0 0 0 0 0 0 0 0 0 0 0 0 0 0 1 0 1 0 0 0 0 0 0 0 0 1 0 0 0 0 0 0 0 0 0 0 0 0 0 0 0 0 1 0 0 0 0 0 0 0 0 0 0 0 0 0 0 0 0 0 0 0 0 0 1 0 0 0 0 0 0 0 0 0 
0 0 0 0 1 0 0 0 0 0 0 0 0 0 1 0 0 0 0 0 0 0 0 0 0 0 0 0 0 0 0 0 0 0 0 0 0 0 0 0 0 0 1 0 0 0 0 0 0 0 0 0 1 0 0 0 0 0 0 0 0 0 0 0 0 0 0 0 1 0 0 0 0 0 0 0 0 0 0 0 0 0 0 0 0 0 0 0 0 0 0 0 1 0 0 0 1 0 0 1 
0 0 0 0 1 0 0 0 0 0 1 0 1 0 0 1 0 0 0 1 0 0 0 1 0 0 0 0 0 0 1 1 0 0 0 1 1 0 0 0 0 1 1 0 0 0 0 0 1 0 0 0 0 1 1 0 0 0 0 0 0 1 0 0 0 0 0 0 1 0 1 0 0 0 1 0 0 0 0 0 0 0 0 0 1 0 1 0 0 0 0 0 1 0 0 0 1 1 0 1 
0 0 0 0 1 0 0 0 0 0 1 0 0 0 0 0 0 0 0 0 0 0 0 0 0 0 0 0 0 0 0 1 0 0 0 0 1 0 0 0 0 0 1 0 0 0 0 0 0 0 0 0 0 0 1 0 0 0 0 0 0 0 0 0 0 0 0 0 1 0 0 0 0 0 0 0 0 0 0 0 0 0 0 0 0 0 1 0 0 0 0 0 1 0 0 0 1 0 0 1 
0 0 0 1 1 0 0 0 0 0 1 0 1 0 1 1 0 0 0 1 0 1 0 1 0 0 0 0 0 0 1 1 0 0 0 1 1 0 1 1 0 1 1 0 0 0 1 1 1 1 0 0 1 1 1 1 1 1 0 0 0 1 1 0 1 0 0 0 1 1 1 0 0 0 1 0 0 0 0 0 0 0 1 0 1 0 1 1 1 0 1 0 1 0 1 0 1 1 0 1 
0 0 0 0 1 0 0 0 0 0 1 0 1 0 1 1 0 0 0 0 0 0 0 1 0 0 0 0 0 0 1 1 0 0 0 1 1 0 0 1 0 0 1 0 0 0 1 0 1 0 0 0 1 0 1 0 1 0 0 0 0 1 1 0 1 0 0 0 1 0 1 0 0 0 1 0 0 0 0 0 0 0 0 0 0 0 1 1 1 0 0 0 1 0 1 0 1 1 0 1 
0 0 0 0 1 0 0 0 0 0 1 0 1 0 0 1 0 0 0 1 0 0 0 1 0 0 0 0 0 0 1 1 0 0 0 1 1 0 1 0 0 1 1 0 0 0 0 0 1 0 0 0 0 0 1 0 0 1 0 0 0 1 0 0 0 0 0 0 1 0 0 0 0 0 1 0 0 0 0 0 0 0 0 0 1 0 1 0 0 0 0 0 1 0 0 0 1 0 0 1 
0 0 0 0 0 0 0 0 0 0 0 0 0 0 0 1 0 0 0 0 0 0 0 0 0 0 0 0 0 0 0 0 0 0 0 0 0 0 0 0 1 1 1 0 0 0 0 0 0 0 0 1 0 0 0 0 0 0 1 0 0 0 0 0 0 0 0 1 1 0 0 0 0 0 0 0 0 0 0 0 0 0 0 0 0 0 0 0 0 0 1 0 0 0 0 0 0 0 0 0 
0 0 0 0 1 0 0 0 0 0 1 0 1 0 1 1 0 0 1 1 0 0 0 1 0 1 0 0 0 0 1 1 1 0 0 1 1 0 0 1 0 1 1 0 0 0 1 1 1 0 0 0 1 1 1 0 1 0 0 1 0 1 1 0 1 0 0 0 1 0 1 0 0 0 1 0 0 0 0 0 0 0 0 0 1 1 1 1 1 0 0 0 1 0 1 0 1 1 0 1 
0 0 0 1 0 0 0 0 0 0 0 0 0 0 0 1 0 0 0 0 0 1 0 1 0 0 0 0 0 0 0 0 0 0 0 0 1 0 0 0 1 1 1 0 0 0 0 0 0 0 1 1 0 0 0 0 0 0 1 0 1 1 0 0 0 0 0 1 1 0 0 0 0 0 0 0 0 0 0 0 0 0 0 0 0 0 0 0 0 0 1 0 0 0 0 0 0 0 0 1 
0 0 0 0 0 0 0 0 0 0 0 0 0 0 0 1 0 0 0 0 0 0 0 0 0 0 0 0 0 0 0 0 0 0 0 0 1 0 0 0 0 0 1 0 0 0 0 0 0 0 0 0 0 0 0 0 0 0 0 0 0 1 0 0 0 0 0 0 1 0 0 0 0 0 0 0 0 0 0 0 0 0 0 0 0 0 0 0 0 0 0 0 0 0 0 0 0 0 0 0 
0 0 0 0 1 0 0 0 0 0 0 0 0 0 1 0 0 0 0 0 0 0 0 0 0 0 0 0 0 0 0 1 0 0 0 0 1 0 0 0 0 0 1 0 0 0 0 0 0 0 0 0 1 0 0 0 0 0 0 0 0 0 1 0 0 0 0 0 1 0 1 0 0 0 0 0 0 0 0 0 0 0 0 0 0 0 1 0 1 0 0 0 1 0 0 0 1 1 0 1 
0 1 0 1 1 0 0 0 0 1 1 1 1 1 0 1 0 1 0 1 1 1 0 1 1 0 1 1 0 0 1 1 0 0 1 1 1 0 1 0 1 1 1 0 1 1 0 0 1 1 1 1 0 1 1 0 0 1 1 0 1 1 0 1 0 0 1 1 1 1 1 1 0 0 1 1 0 0 1 0 0 0 1 0 1 0 1 0 0 1 1 1 1 0 0 0 1 1 1 1 
0 0 0 0 1 0 0 0 0 0 0 0 0 0 1 0 0 0 0 0 0 0 0 0 0 0 0 0 0 0 0 1 0 0 0 0 0 0 0 0 0 0 1 0 0 0 0 0 0 0 0 0 1 0 0 0 0 0 0 0 0 0 0 0 1 0 0 0 1 0 0 0 0 0 0 0 0 0 0 0 0 0 0 0 0 0 1 0 0 0 0 0 1 0 0 0 1 0 0 1 
0 1 1 1 1 0 1 0 0 1 1 1 1 1 1 1 1 0 1 1 1 1 0 1 0 1 1 1 0 1 1 1 1 0 1 1 1 1 1 1 1 1 1 0 1 1 1 1 1 1 1 1 1 1 1 1 1 1 1 0 1 1 1 0 1 1 1 1 1 1 1 0 0 0 1 1 0 1 1 0 1 1 1 1 1 1 1 1 1 0 1 1 1 1 1 0 1 1 0 1 
0 0 0 1 0 0 0 0 0 0 0 0 1 0 0 1 0 0 0 0 0 1 0 1 0 0 0 0 0 0 1 1 0 0 0 0 1 0 0 0 1 1 1 0 0 0 0 0 0 0 0 1 0 0 0 0 0 0 1 0 0 1 0 0 0 0 1 1 1 0 0 0 0 0 0 0 0 0 0 0 0 0 0 0 0 0 1 0 0 0 1 0 1 0 0 0 1 0 0 1 
0 0 0 0 0 0 0 0 0 0 0 0 0 0 0 1 0 0 0 0 0 0 0 0 0 0 0 0 0 0 0 0 0 0 0 0 0 0 0 0 1 0 1 0 0 0 0 0 0 0 0 1 0 0 0 0 0 0 0 0 0 0 0 0 0 0 0 1 1 0 0 0 0 0 0 0 0 0 0 0 0 0 0 0 0 0 0 0 0 0 1 0 0 0 0 0 0 0 0 0 
0 0 0 0 0 0 0 0 0 0 0 0 0 0 0 0 0 0 0 0 0 0 0 0 0 0 0 0 0 0 0 0 0 0 0 0 0 0 0 0 0 0 0 0 0 0 0 0 0 0 0 0 0 0 0 0 0 0 0 0 0 0 0 0 0 0 0 0 1 0 0 0 0 0 0 0 0 0 0 0 0 0 0 0 0 0 0 0 0 0 0 0 0 0 0 0 0 0 0 0 
0 0 0 1 1 0 0 0 0 0 1 0 1 0 0 1 0 0 0 1 0 0 0 1 0 0 0 0 0 0 1 1 0 0 0 1 1 0 1 0 0 1 1 0 0 0 0 0 1 1 0 0 0 1 1 0 0 1 0 0 0 1 0 0 0 0 0 0 1 1 1 0 0 0 1 0 0 0 0 0 0 0 0 0 1 0 1 0 0 0 1 0 1 0 0 0 1 1 0 1 
0 0 0 0 1 0 0 0 0 0 0 0 0 0 0 0 0 0 0 0 0 0 0 0 0 0 0 0 0 0 0 1 0 0 0 0 0 0 0 0 0 0 1 0 0 0 0 0 0 0 0 0 0 0 0 0 0 0 0 0 0 0 0 0 0 0 0 0 1 0 1 0 0 0 0 0 0 0 0 0 0 0 0 0 0 0 1 0 0 0 0 0 1 0 0 0 1 1 0 1 
0 0 0 1 0 0 0 0 0 1 0 0 0 1 0 1 0 0 0 0 1 1 0 1 0 0 0 0 0 0 0 0 0 0 0 0 1 0 0 0 1 1 1 0 0 0 0 0 0 0 1 1 0 0 0 0 0 0 1 0 1 1 0 0 0 0 0 1 1 0 0 1 0 0 0 1 0 0 1 0 0 0 0 0 0 0 0 0 0 1 1 0 0 0 0 0 0 0 0 1 
0 0 1 1 1 0 1 0 0 0 1 0 1 0 1 1 0 0 1 1 1 1 0 1 0 1 0 0 1 1 1 1 1 0 1 1 1 0 1 1 1 1 1 0 0 1 1 1 1 1 1 1 1 1 1 1 1 1 1 1 1 1 1 0 1 0 1 1 1 1 1 0 1 1 1 0 1 0 1 1 1 0 1 1 1 1 1 1 1 0 1 0 1 1 1 0 1 1 0 1 
0 0 0 1 1 0 1 0 0 0 1 0 1 0 1 1 0 0 1 1 0 0 0 1 0 1 0 0 1 1 1 1 1 0 0 1 1 0 1 1 0 1 1 0 0 0 1 1 1 1 0 0 1 1 1 0 1 1 0 1 0 1 1 0 1 0 0 0 1 1 1 0 0 1 1 0 0 0 0 0 0 0 0 1 1 1 1 1 1 0 1 0 1 0 1 0 1 1 0 1 
0 0 0 0 0 0 0 0 0 0 0 0 1 0 0 1 0 0 0 0 0 0 0 0 0 0 0 0 0 0 0 1 0 0 0 0 1 0 0 0 0 0 1 0 0 0 0 0 0 0 0 0 0 0 0 0 0 0 0 0 0 0 0 0 0 0 0 0 1 0 0 0 0 0 1 0 0 0 0 0 0 0 0 0 0 0 1 0 0 0 0 0 1 0 0 0 1 0 0 1 
0 0 0 0 0 0 0 0 0 0 0 0 0 0 0 0 0 0 0 0 0 0 0 0 0 0 0 0 0 0 0 0 0 0 0 0 0 0 0 0 0 0 1 0 0 0 0 0 0 0 0 0 0 0 0 0 0 0 0 0 0 0 0 0 0 0 0 0 0 0 0 0 0 0 0 1 0 0 0 0 0 0 0 0 0 0 0 0 0 0 1 0 0 0 0 0 0 0 0 0 
0 0 0 1 1 0 1 0 0 0 1 0 1 0 1 1 0 0 1 1 0 1 0 1 0 1 0 0 1 1 1 1 1 0 0 1 1 0 1 1 1 1 1 0 0 1 1 1 1 1 0 1 1 1 1 1 1 1 1 1 0 1 1 0 1 0 1 1 1 1 1 0 0 1 1 0 1 0 0 0 1 0 1 1 1 1 1 1 1 0 1 0 1 1 1 0 1 1 0 1 
0 1 0 1 1 0 0 0 0 0 1 0 1 0 1 1 0 0 0 1 1 1 0 1 0 0 1 1 0 0 1 1 0 0 1 1 1 1 1 1 1 1 1 0 0 1 1 1 1 1 1 1 1 1 1 0 1 1 1 0 1 1 1 0 1 0 1 1 1 1 1 0 0 0 1 0 0 1 1 0 0 0 1 0 1 0 1 1 1 0 1 0 1 0 1 0 1 1 0 1 
0 0 0 1 0 0 0 0 0 0 0 0 0 0 0 1 0 0 0 0 1 1 0 1 0 0 0 0 0 0 0 0 0 0 0 0 1 0 0 0 1 1 1 0 0 0 0 0 0 0 1 1 0 0 0 0 0 0 1 0 1 1 0 0 0 0 0 1 1 0 0 0 0 0 0 0 0 0 1 0 0 0 0 0 0 0 0 0 0 0 1 0 0 0 0 0 0 0 0 1 
0 0 0 0 1 0 0 0 0 0 1 0 1 0 1 1 0 0 1 0 0 0 0 1 0 1 0 0 0 0 1 1 1 0 0 1 1 0 0 1 0 1 1 0 0 0 1 0 1 0 0 0 1 0 1 0 1 0 0 0 0 1 1 0 1 0 0 0 1 0 1 0 0 0 1 0 0 0 0 1 0 0 0 0 1 1 1 1 1 0 0 0 1 0 1 0 1 1 0 1 
0 0 0 1 1 0 0 0 0 0 1 0 1 0 1 1 0 0 0 1 0 1 0 1 0 0 0 0 0 0 1 1 0 0 0 1 1 0 1 1 1 1 1 0 0 1 1 1 1 1 0 1 1 1 1 0 1 1 1 0 0 1 1 0 1 0 1 1 1 1 1 0 0 0 1 0 0 0 0 0 1 0 1 0 1 0 1 1 1 0 1 0 1 0 1 0 1 1 0 1 
0 1 0 1 1 0 0 0 0 0 1 0 1 1 1 1 0 0 0 1 1 1 0 1 0 0 1 1 0 0 1 1 0 0 1 1 1 1 1 1 1 1 1 0 1 1 1 1 1 1 1 1 1 1 1 0 1 1 1 0 1 1 1 0 1 0 1 1 1 1 1 0 0 0 1 0 0 1 1 0 1 1 1 0 1 0 1 1 1 0 1 0 1 0 1 0 1 1 0 1 
0 0 0 1 1 0 0 0 0 0 1 0 1 0 0 1 0 0 0 1 0 1 0 1 0 0 0 0 0 0 1 1 0 0 0 1 1 0 1 0 0 1 1 0 0 0 0 0 1 1 0 0 0 0 1 0 0 1 0 0 0 1 0 0 0 0 0 0 1 0 0 0 0 0 1 0 0 0 0 0 0 0 1 0 1 0 1 0 0 0 1 0 1 0 0 0 1 0 0 1 
0 0 0 1 1 0 1 0 0 0 1 0 1 0 1 1 0 0 1 1 0 0 0 1 0 1 0 0 0 1 1 1 1 0 0 1 1 0 1 1 0 1 1 0 0 0 1 1 1 1 0 0 1 1 1 0 1 1 0 0 0 1 1 0 1 0 0 0 1 0 1 0 0 0 1 0 0 0 0 0 0 0 0 1 1 0 1 1 1 0 1 0 1 0 1 0 1 1 0 1 
0 0 0 0 0 0 0 0 0 0 0 0 1 0 0 1 0 0 0 0 0 0 0 1 0 0 0 0 0 0 1 1 0 0 0 1 1 0 0 0 0 1 1 0 0 0 0 0 0 0 0 0 0 0 0 0 0 0 0 0 0 1 0 0 0 0 0 0 1 0 0 0 0 0 1 0 0 0 0 0 0 0 0 0 1 0 1 0 0 0 0 0 1 0 0 0 1 0 0 1 
0 0 0 0 1 0 0 0 0 0 0 0 0 0 1 0 0 0 0 0 0 0 0 0 0 0 0 0 0 0 0 1 1 0 0 0 0 0 0 0 0 0 1 0 0 0 0 0 0 0 0 0 1 0 0 0 0 0 0 0 0 0 0 0 1 0 0 0 1 0 0 0 0 0 0 0 0 0 0 0 0 0 0 0 0 1 1 0 0 0 0 0 1 0 0 0 1 0 0 1 
0 0 0 0 0 0 0 0 0 0 0 0 0 0 0 0 0 0 0 0 0 0 0 0 0 0 0 0 0 0 0 0 0 0 0 0 0 0 0 0 0 0 1 0 0 0 0 0 0 0 0 0 0 0 0 0 0 0 0 0 0 0 0 0 0 0 0 0 1 0 0 0 0 0 0 0 0 0 0 0 0 0 0 0 0 0 1 0 0 0 0 0 1 0 0 0 1 0 0 1 
0 0 0 0 1 0 0 0 0 0 1 0 0 0 1 0 0 0 0 0 0 0 0 0 0 0 0 0 0 0 0 1 0 0 0 0 1 0 0 0 0 0 1 0 0 0 0 0 0 0 0 0 1 0 1 0 0 0 0 0 0 0 1 0 1 0 0 0 1 0 1 0 0 0 0 0 0 0 0 0 0 0 0 0 0 0 1 1 1 0 0 0 1 0 1 0 1 1 0 1 
0 0 0 0 1 0 0 0 0 0 0 0 0 0 1 0 0 0 0 0 0 0 0 0 0 0 0 0 0 0 0 1 0 0 0 0 0 0 0 0 0 0 1 0 0 0 0 0 0 0 0 0 1 0 0 0 0 0 0 0 0 0 0 0 0 0 0 0 1 0 1 0 0 0 0 0 0 0 0 0 0 0 0 0 0 0 1 0 1 0 0 0 1 0 0 0 1 1 0 1 
0 0 0 0 0 0 0 0 0 1 0 0 0 1 0 1 0 0 0 0 0 0 0 0 0 0 0 0 0 0 0 0 0 0 0 0 0 0 0 0 1 0 1 0 0 0 0 0 0 0 0 1 0 0 0 0 0 0 0 0 0 0 0 0 0 0 0 1 1 0 0 0 0 0 0 1 0 0 0 0 0 0 0 0 0 0 0 0 0 1 1 0 0 0 0 0 0 0 0 0 
0 0 0 0 0 0 0 0 0 0 0 0 0 0 0 0 0 0 0 0 0 0 0 0 0 0 0 0 0 0 0 0 0 0 0 0 0 0 0 0 0 0 1 0 0 0 0 0 0 0 0 0 0 0 0 0 0 0 0 0 0 0 0 0 0 0 0 0 0 0 0 0 0 0 0 0 0 0 0 0 0 0 0 0 0 0 0 0 0 0 1 0 0 0 0 0 0 0 0 0 
0 1 0 1 0 0 0 0 0 1 0 1 1 1 0 1 0 0 0 0 1 1 0 1 0 0 1 1 0 0 1 1 0 0 0 0 1 0 0 0 1 1 1 0 1 0 0 0 0 0 1 1 0 0 0 0 0 0 1 0 1 1 0 0 0 0 1 1 1 0 0 0 0 0 0 1 0 0 1 0 0 0 0 0 0 0 1 0 0 0 1 1 1 0 0 0 1 0 0 1 
0 0 0 0 0 0 0 0 0 0 0 0 0 0 0 0 0 0 0 0 0 0 0 0 0 0 0 0 0 0 0 0 0 0 0 0 0 0 0 0 0 0 0 0 0 0 0 0 0 0 0 0 0 0 0 0 0 0 0 0 0 0 0 0 0 0 0 0 1 0 0 0 0 0 0 0 0 0 0 0 0 0 0 0 0 0 0 0 0 0 0 0 1 0 0 0 1 0 0 1 
0 0 0 1 1 0 1 0 0 0 1 0 1 0 1 1 0 0 1 1 0 1 0 1 0 1 0 0 0 1 1 1 1 0 0 1 1 0 1 1 1 1 1 0 0 1 1 1 1 1 0 1 1 1 1 1 1 1 1 0 0 1 1 0 1 0 1 1 1 1 1 0 0 0 1 0 0 0 0 0 1 0 1 1 1 0 1 1 1 0 1 0 1 1 1 0 1 1 0 1 
0 0 0 0 1 0 0 0 0 0 1 0 0 0 1 0 0 0 0 0 0 0 0 0 0 0 0 0 0 0 0 1 0 0 0 0 1 0 0 0 0 0 1 0 0 0 0 0 0 0 0 0 1 0 1 0 0 0 0 0 0 0 1 0 0 0 0 0 1 0 1 0 0 0 0 0 0 0 0 0 0 0 0 0 0 0 1 0 1 0 0 0 1 0 1 0 1 1 0 1 
0 1 0 1 1 0 0 0 0 1 1 1 1 1 1 1 1 1 0 1 1 1 0 1 1 0 1 1 0 0 1 1 0 0 1 1 1 1 1 1 1 1 1 1 1 1 1 1 1 1 1 1 1 1 1 0 1 1 1 0 1 1 1 1 1 0 1 1 1 1 1 1 0 0 1 1 0 1 1 0 1 1 1 0 1 0 1 1 1 1 1 1 1 0 1 1 1 1 1 1 
0 0 0 0 0 0 0 0 0 0 0 0 0 0 0 0 0 0 0 0 0 0 0 0 0 0 0 0 0 0 0 0 0 0 0 0 0 0 0 0 0 0 0 0 0 0 0 0 0 0 0 0 0 0 0 0 0 0 0 0 0 0 0 0 0 0 0 0 1 0 0 0 0 0 0 0 0 0 0 0 0 0 0 0 0 0 0 0 0 0 0 0 0 0 0 0 1 0 0 1 
0 0 0 0 1 0 0 0 0 0 0 0 0 0 0 0 0 0 0 0 0 0 0 0 0 0 0 0 0 0 0 1 0 0 0 0 0 0 0 0 0 0 1 0 0 0 0 0 0 0 0 0 0 0 0 0 0 0 0 0 0 0 0 0 0 0 0 0 1 0 1 0 0 0 0 0 0 0 0 0 0 0 0 0 0 0 1 0 0 0 0 0 1 0 0 0 1 1 0 1 
0 1 0 1 0 0 0 0 0 1 0 1 1 1 0 1 0 0 0 0 1 1 0 1 0 0 1 1 0 0 0 0 0 0 0 0 1 0 0 0 1 1 1 0 1 0 0 0 0 0 1 1 0 0 0 0 0 0 1 0 1 1 0 0 0 0 0 1 1 0 0 1 0 0 0 1 0 0 1 0 0 0 0 0 0 0 1 0 0 1 1 0 1 0 0 0 1 0 1 1 
0 0 0 0 0 0 0 0 0 0 0 0 0 0 0 0 0 0 0 0 0 0 0 0 0 0 0 0 0 0 0 0 0 0 0 0 0 0 0 0 0 0 0 0 0 0 0 0 0 0 0 0 0 0 0 0 0 0 0 0 0 0 0 0 0 0 0 0 1 0 0 0 0 0 0 0 0 0 0 0 0 0 0 0 0 0 0 0 0 0 0 0 0 0 0 0 0 0 0 1 

6 21474836 8 9 10 11 21474836 21474836 14 15 16 21474836 18 19 21474836 21 21474836 23 24 25 26 21474836 21474836 29 30 31 32 21474836 21474836 21474836 36 37 38 21474836 40 41 42 43 44 45 
7 6 7 8 9 21474836 11 12 13 14 15 16 17 18 21474836 21474836 21 22 23 24 25 26 27 21474836 29 30 31 32 33 21474836 35 21474836 21474836 38 39 40 21474836 42 43 44 
8 7 6 21474836 8 9 10 11 21474836 13 14 21474836 16 21474836 21474836 19 20 21 22 21474836 24 21474836 26 27 28 29 30 31 32 33 34 35 36 37 38 39 40 41 42 43 
9 21474836 7 6 7 21474836 21474836 10 11 12 13 14 15 16 17 18 19 21474836 21 22 21474836 21474836 21474836 26 27 21474836 29 30 31 32 33 21474836 35 21474836 37 38 39 40 41 42 
10 21474836 21474836 7 6 7 8 9 21474836 11 12 13 21474836 15 16 17 18 19 21474836 21474836 22 23 21474836 21474836 26 21474836 28 29 21474836 31 21474836 33 34 21474836 36 37 21474836 21474836 40 41 
11 10 21474836 8 7 6 7 8 9 21474836 11 21474836 13 14 15 21474836 17 18 19 21474836 21 22 21474836 24 21474836 26 27 21474836 29 30 31 21474836 21474836 21474836 35 36 21474836 38 39 40 
21474836 11 10 21474836 8 7 6 7 8 9 10 21474836 12 13 21474836 15 16 17 18 19 20 21 22 21474836 24 25 21474836 27 28 29 21474836 31 21474836 33 34 35 36 37 21474836 39 
13 12 11 21474836 21474836 21474836 21474836 6 21474836 21474836 9 21474836 21474836 12 13 14 15 21474836 17 18 21474836 20 21 21474836 23 24 25 26 27 21474836 29 30 31 21474836 33 21474836 35 21474836 21474836 38 
14 13 21474836 11 21474836 21474836 21474836 7 6 7 21474836 9 21474836 21474836 21474836 13 14 21474836 21474836 17 18 19 20 21 21474836 21474836 24 25 26 27 28 29 21474836 31 32 33 34 21474836 36 21474836 
15 14 13 12 11 10 9 8 21474836 6 7 8 9 10 11 12 13 21474836 15 16 21474836 18 21474836 21474836 21 22 23 24 21474836 26 21474836 28 29 30 31 21474836 33 21474836 21474836 36 
21474836 21474836 14 13 21474836 11 21474836 9 21474836 7 6 7 8 21474836 10 11 12 13 14 21474836 21474836 17 18 19 20 21 22 23 24 25 21474836 27 28 29 30 21474836 21474836 33 34 35 
17 16 15 21474836 13 21474836 11 10 9 21474836 21474836 6 21474836 21474836 21474836 10 11 21474836 21474836 14 15 16 21474836 21474836 19 20 21 21474836 21474836 24 25 26 27 28 29 30 31 21474836 33 21474836 
18 17 16 15 14 13 12 11 21474836 9 21474836 7 6 21474836 8 21474836 21474836 11 12 13 14 15 16 17 21474836 19 21474836 21474836 22 21474836 24 25 21474836 27 28 29 30 31 32 21474836 
19 18 21474836 21474836 15 14 13 12 21474836 10 21474836 21474836 7 6 21474836 8 9 10 21474836 12 13 14 15 16 17 21474836 19 20 21474836 22 21474836 21474836 21474836 21474836 27 28 21474836 30 21474836 32 
20 21474836 21474836 17 16 15 14 13 12 11 21474836 21474836 8 7 6 21474836 21474836 21474836 10 11 12 13 14 15 16 21474836 21474836 21474836 20 21 21474836 23 21474836 25 21474836 27 21474836 29 21474836 31 
21 21474836 19 18 17 16 21474836 14 13 12 11 21474836 21474836 21474836 7 6 21474836 8 9 10 11 12 21474836 14 15 21474836 17 18 19 21474836 21474836 21474836 23 24 25 26 27 28 29 21474836 
22 21 20 21474836 18 17 21474836 15 14 13 12 21474836 10 9 8 7 6 7 21474836 21474836 10 11 12 13 21474836 15 16 17 18 19 20 21 21474836 23 24 21474836 21474836 27 21474836 29 
23 22 21 20 19 21474836 17 16 21474836 14 21474836 12 21474836 10 9 8 21474836 21474836 7 21474836 9 10 11 12 13 21474836 21474836 21474836 21474836 21474836 19 20 21 22 23 24 25 26 21474836 28 
24 21474836 21474836 21 21474836 19 18 17 21474836 15 14 13 12 21474836 10 9 21474836 7 21474836 21474836 8 9 10 11 12 13 14 15 16 21474836 18 21474836 20 21474836 22 23 21474836 25 26 27 
25 21474836 21474836 22 21474836 20 19 18 17 21474836 15 21474836 13 21474836 11 21474836 21474836 8 7 6 21474836 8 9 21474836 21474836 21474836 21474836 14 15 21474836 17 18 19 20 21 22 23 24 25 26 
26 25 24 21474836 22 21 20 21474836 18 17 16 15 14 13 12 11 10 9 21474836 21474836 21474836 21474836 8 9 21474836 11 21474836 13 21474836 15 16 21474836 18 21474836 21474836 21 21474836 21474836 24 25 
21474836 26 25 24 21474836 22 21474836 20 19 21474836 17 16 21474836 14 13 21474836 11 21474836 9 8 7 21474836 21474836 8 21474836 10 21474836 21474836 13 21474836 15 16 21474836 18 21474836 20 21 21474836 21474836 24 
28 27 26 21474836 21474836 21474836 21474836 21 21474836 21474836 18 17 16 21474836 14 13 12 21474836 10 9 8 7 21474836 21474836 21474836 9 10 11 21474836 21474836 21474836 21474836 16 17 21474836 19 20 21 21474836 23 
21474836 28 27 26 21474836 24 21474836 22 21 21474836 21474836 18 17 16 15 21474836 13 12 21474836 21474836 21474836 8 7 6 7 8 9 10 11 12 21474836 14 15 16 17 21474836 19 21474836 21 22 
21474836 21474836 21474836 27 26 25 21474836 23 22 21474836 20 19 21474836 17 16 21474836 14 21474836 12 11 21474836 9 8 21474836 6 7 8 9 21474836 21474836 12 21474836 14 15 16 21474836 18 21474836 20 21474836 
31 21474836 29 28 27 26 25 24 23 22 21 20 21474836 18 17 16 21474836 14 21474836 12 11 21474836 21474836 8 7 21474836 7 8 9 10 11 12 21474836 21474836 21474836 21474836 17 18 19 20 
32 21474836 21474836 29 21474836 27 26 25 24 21474836 22 21474836 21474836 21474836 18 17 21474836 15 21474836 13 12 21474836 10 21474836 8 7 6 7 8 9 10 11 21474836 21474836 21474836 15 16 21474836 21474836 19 
21474836 21474836 31 30 21474836 28 27 21474836 21474836 21474836 23 22 21 20 21474836 18 21474836 16 15 21474836 21474836 21474836 21474836 10 21474836 8 7 6 7 21474836 9 10 11 12 21474836 14 15 16 17 18 
34 33 32 21474836 21474836 29 28 27 21474836 25 24 23 22 21 21474836 19 18 17 21474836 21474836 14 13 12 21474836 10 9 8 7 6 7 8 9 10 11 12 21474836 21474836 21474836 16 17 
35 34 21474836 32 31 30 29 28 27 26 21474836 24 21474836 21474836 21 20 19 21474836 17 16 15 21474836 21474836 12 11 10 9 8 21474836 21474836 7 8 9 10 11 12 13 14 21474836 16 
36 21474836 34 33 21474836 31 30 29 28 27 26 21474836 21474836 23 22 21 20 21474836 18 17 21474836 15 21474836 13 21474836 11 10 9 21474836 21474836 6 21474836 8 9 10 11 12 13 14 15 
21474836 36 21474836 34 33 21474836 31 21474836 21474836 28 27 26 25 21474836 23 22 21 20 21474836 18 17 16 15 21474836 21474836 12 21474836 10 21474836 8 21474836 6 7 21474836 9 21474836 11 12 13 21474836 
38 37 36 35 34 33 21474836 21474836 21474836 29 28 27 26 25 24 23 22 21 21474836 21474836 18 21474836 16 15 14 21474836 21474836 11 10 9 21474836 7 6 7 8 9 21474836 11 12 21474836 
21474836 21474836 37 36 35 34 21474836 21474836 21474836 21474836 29 21474836 27 21474836 21474836 24 23 22 21474836 21474836 19 18 21474836 16 15 21474836 13 21474836 11 21474836 9 21474836 7 6 7 8 9 10 11 12 
40 39 38 21474836 36 35 34 33 32 31 30 29 28 27 26 21474836 24 23 22 21 20 19 18 17 21474836 21474836 21474836 13 12 11 10 9 8 7 6 21474836 8 21474836 10 11 
41 40 39 21474836 37 36 35 34 33 32 31 30 29 28 27 21474836 21474836 21474836 21474836 22 21 20 19 18 17 16 21474836 14 13 12 21474836 10 21474836 8 7 21474836 7 8 9 10 
42 41 21474836 21474836 38 21474836 21474836 35 21474836 33 32 21474836 30 29 28 21474836 26 25 24 23 22 21 20 19 21474836 17 21474836 21474836 14 13 12 11 10 21474836 8 7 6 7 8 9 
43 42 21474836 40 21474836 38 37 36 35 21474836 33 32 31 21474836 29 28 27 26 25 24 23 22 21 20 19 18 21474836 16 15 21474836 13 12 21474836 21474836 9 8 7 6 21474836 21474836 
44 21474836 21474836 41 40 39 38 37 36 35 21474836 33 32 31 30 29 21474836 21474836 21474836 25 21474836 23 21474836 21 21474836 19 18 21474836 16 15 21474836 13 21474836 11 10 21474836 8 7 6 7 
45 44 21474836 21474836 41 40 39 21474836 37 36 21474836 34 33 32 21474836 30 21474836 28 27 26 21474836 24 21474836 22 21 20 19 18 21474836 16 15 14 21474836 12 21474836 10 9 8 21474836 6 
46 21474836 44 43 21474836 41 40 21474836 38 37 36 35 34 33 32 21474836 30 21474836 28 27 26 25 24 21474836 22 21 21474836 19 18 21474836 21474836 15 21474836 13 12 11 21474836 21474836 21474836 21474836 
47 46 45 44 21474836 42 41 21474836 39 38 37 36 35 34 21474836 32 21474836 21474836 21474836 28 27 26 21474836 24 23 22 21 20 21474836 18 21474836 21474836 21474836 14 13 12 21474836 10 21474836 8 
48 21474836 46 45 44 43 21474836 21474836 40 39 38 37 36 35 34 21474836 21474836 21474836 30 29 28 27 26 21474836 24 23 22 21474836 20 21474836 18 21474836 21474836 15 14 21474836 12 11 10 9 
49 48 47 46 45 21474836 21474836 42 41 21474836 39 38 37 21474836 35 21474836 33 32 21474836 21474836 29 21474836 27 21474836 25 24 23 22 21 21474836 19 18 17 16 21474836 21474836 13 12 11 21474836 
50 49 48 47 46 45 21474836 43 21474836 41 21474836 39 38 21474836 36 35 34 33 21474836 31 30 21474836 28 27 21474836 25 21474836 23 21474836 21 20 19 18 17 16 15 21474836 13 12 11 
51 50 49 48 21474836 21474836 21474836 21474836 21474836 21474836 41 21474836 21474836 38 37 36 35 21474836 33 32 21474836 30 21474836 28 27 26 25 21474836 23 21474836 21474836 20 19 21474836 17 16 15 14 13 12 
52 51 50 21474836 48 47 46 21474836 44 21474836 42 41 40 39 21474836 37 36 21474836 21474836 33 32 31 21474836 29 28 27 26 21474836 21474836 21474836 22 21474836 21474836 21474836 21474836 17 16 15 21474836 13 
21474836 52 51 21474836 21474836 48 47 21474836 45 44 43 21474836 41 40 39 21474836 21474836 36 35 34 33 32 31 30 29 28 27 21474836 25 24 23 22 21 20 19 21474836 17 21474836 21474836 21474836 
21474836 21474836 21474836 51 50 49 48 21474836 21474836 21474836 44 43 42 41 40 39 38 21474836 36 35 34 33 32 31 30 21474836 28 27 26 21474836 24 21474836 21474836 21 20 19 18 17 21474836 15 
55 54 21474836 52 21474836 50 49 48 47 21474836 45 21474836 43 42 41 21474836 39 38 37 21474836 35 21474836 21474836 21474836 31 21474836 29 28 27 26 25 24 23 21474836 21 21474836 19 21474836 17 16 
21474836 55 54 21474836 21474836 51 21474836 49 21474836 21474836 46 21474836 44 43 21474836 21474836 40 39 38 21474836 36 21474836 21474836 33 21474836 21474836 21474836 21474836 21474836 21474836 26 21474836 21474836 23 22 21 20 21474836 18 17 
57 56 21474836 21474836 21474836 52 51 21474836 49 48 47 21474836 45 21474836 43 42 21474836 21474836 39 38 37 36 35 21474836 33 32 21474836 30 21474836 28 21474836 21474836 25 21474836 23 22 21 20 19 18 
58 57 21474836 55 21474836 53 52 21474836 50 49 48 21474836 21474836 21474836 44 43 21474836 21474836 21474836 39 38 21474836 21474836 35 21474836 33 21474836 21474836 30 29 28 27 26 25 21474836 23 22 21 20 21474836 
59 58 57 56 21474836 54 53 21474836 21474836 50 49 48 47 21474836 45 21474836 43 42 21474836 21474836 21474836 38 37 36 21474836 34 21474836 32 31 30 29 28 21474836 21474836 25 24 23 22 21 20 
21474836 59 58 57 21474836 55 54 53 52 51 21474836 49 48 47 46 45 44 21474836 42 41 40 21474836 21474836 21474836 21474836 35 34 33 32 21474836 21474836 29 21474836 21474836 26 21474836 24 23 22 21474836 
61 21474836 59 58 21474836 56 21474836 54 53 52 51 21474836 49 48 21474836 21474836 21474836 44 43 21474836 41 40 39 38 37 36 35 34 21474836 32 31 21474836 21474836 21474836 21474836 26 21474836 24 23 22 
21474836 61 60 59 58 57 21474836 21474836 54 53 52 51 50 21474836 48 47 46 21474836 44 21474836 42 41 21474836 39 21474836 21474836 36 35 34 21474836 32 21474836 21474836 21474836 28 27 26 25 24 21474836 
63 21474836 61 60 59 58 57 56 55 54 53 52 51 50 21474836 48 47 46 45 44 21474836 42 41 40 21474836 38 21474836 36 35 21474836 21474836 32 31 30 29 28 27 26 25 21474836 
21474836 63 62 61 60 59 58 57 56 55 54 21474836 52 51 50 49 48 47 46 45 44 43 42 21474836 40 21474836 38 21474836 21474836 35 21474836 33 32 31 30 29 21474836 27 21474836 25 
65 64 63 21474836 21474836 21474836 59 58 57 56 21474836 54 21474836 21474836 21474836 50 21474836 48 47 21474836 45 44 21474836 21474836 41 40 39 21474836 21474836 36 35 34 33 32 31 30 29 21474836 21474836 26 
66 21474836 21474836 63 21474836 21474836 60 21474836 58 57 56 21474836 54 53 52 51 50 49 21474836 47 21474836 45 44 43 42 41 40 21474836 21474836 37 36 21474836 34 33 21474836 21474836 21474836 29 21474836 21474836 
67 66 21474836 21474836 21474836 21474836 61 60 59 58 21474836 56 55 54 53 52 21474836 50 21474836 48 47 46 45 44 43 42 21474836 40 39 21474836 37 21474836 21474836 34 33 21474836 31 30 29 28 
68 67 21474836 65 64 63 21474836 61 60 59 58 57 56 55 21474836 21474836 21474836 51 50 49 48 21474836 21474836 21474836 44 43 21474836 41 40 39 21474836 37 36 21474836 21474836 21474836 21474836 31 30 29 
69 68 21474836 66 21474836 64 21474836 21474836 21474836 60 59 21474836 21474836 56 55 54 53 21474836 21474836 21474836 49 48 47 46 21474836 44 43 42 41 40 39 38 21474836 36 35 34 21474836 21474836 31 21474836 
21474836 69 68 67 66 65 64 63 62 61 21474836 59 21474836 57 21474836 55 21474836 53 52 21474836 21474836 21474836 48 21474836 21474836 45 44 21474836 42 41 40 39 38 37 21474836 35 34 33 32 31 
71 21474836 69 68 67 66 21474836 64 63 62 61 21474836 59 58 21474836 56 55 54 53 52 51 50 21474836 48 47 46 45 21474836 43 21474836 21474836 21474836 39 38 37 21474836 35 21474836 21474836 21474836 
72 21474836 70 69 68 67 21474836 65 64 63 62 61 60 59 58 21474836 56 55 54 21474836 21474836 21474836 50 21474836 48 47 46 45 21474836 21474836 42 21474836 40 39 21474836 37 21474836 21474836 21474836 21474836 
73 72 71 70 69 68 67 66 65 21474836 63 62 21474836 60 59 21474836 21474836 56 21474836 21474836 21474836 52 51 50 21474836 48 47 21474836 21474836 44 21474836 42 41 21474836 39 21474836 21474836 36 35 34 
74 73 72 71 70 69 68 21474836 66 65 21474836 63 21474836 61 60 59 21474836 57 21474836 55 54 21474836 52 51 50 49 48 47 46 45 44 43 42 41 21474836 39 38 37 36 21474836 
75 74 73 72 71 70 69 21474836 21474836 66 21474836 64 63 62 61 60 59 21474836 57 21474836 55 54 53 52 51 21474836 49 48 47 46 45 44 43 42 41 40 39 38 37 21474836 
21474836 21474836 21474836 21474836 72 71 21474836 69 68 67 66 65 64 63 62 61 60 21474836 21474836 57 56 21474836 54 21474836 52 21474836 50 49 21474836 47 46 45 21474836 43 21474836 41 40 21474836 38 21474836 
77 21474836 21474836 74 21474836 72 71 21474836 69 68 67 21474836 65 64 63 21474836 21474836 60 59 21474836 57 21474836 55 21474836 53 52 51 50 49 48 47 46 45 44 21474836 21474836 41 40 39 38 
78 77 76 75 74 21474836 21474836 71 21474836 21474836 21474836 67 66 65 64 21474836 21474836 61 21474836 59 58 57 21474836 55 54 53 21474836 51 50 21474836 21474836 47 21474836 45 21474836 43 42 41 40 21474836 
21474836 78 77 21474836 75 21474836 73 72 71 70 69 21474836 67 21474836 65 64 63 62 61 60 21474836 58 57 21474836 21474836 21474836 21474836 52 51 21474836 21474836 48 21474836 46 45 44 43 42 21474836 40 
21474836 79 78 77 76 75 74 21474836 72 21474836 70 69 68 67 66 21474836 64 63 21474836 21474836 60 21474836 58 57 21474836 55 54 53 52 21474836 21474836 49 21474836 21474836 21474836 21474836 44 43 21474836 41 
81 80 21474836 78 77 76 75 74 73 21474836 71 70 21474836 21474836 67 66 65 64 21474836 62 61 60 21474836 58 57 56 55 21474836 53 52 21474836 50 49 48 47 46 21474836 21474836 43 21474836 
82 81 21474836 79 78 77 76 75 74 73 72 21474836 70 69 68 21474836 21474836 21474836 64 63 62 61 21474836 59 58 21474836 56 55 21474836 53 21474836 51 21474836 49 48 47 21474836 45 21474836 21474836 
21474836 82 81 21474836 79 78 77 76 75 21474836 73 72 71 70 69 68 67 66 21474836 64 63 21474836 61 21474836 59 58 21474836 56 21474836 54 53 52 51 21474836 49 48 21474836 21474836 45 21474836 
84 83 21474836 81 21474836 21474836 78 21474836 21474836 75 21474836 73 21474836 71 70 69 68 67 66 65 64 63 21474836 21474836 60 21474836 21474836 57 21474836 21474836 21474836 53 52 51 50 49 48 47 46 45 
85 84 83 82 81 80 79 78 21474836 76 75 74 73 72 71 21474836 21474836 68 67 66 21474836 64 63 62 21474836 21474836 59 21474836 57 56 55 54 53 52 51 50 49 48 47 46 
86 85 21474836 21474836 21474836 81 80 79 78 77 76 21474836 74 21474836 72 71 70 69 68 67 66 65 21474836 63 62 21474836 60 59 21474836 21474836 21474836 55 54 53 52 21474836 50 49 21474836 47 
87 86 85 84 83 21474836 81 21474836 79 78 77 21474836 21474836 74 73 72 71 21474836 69 21474836 21474836 21474836 65 64 21474836 62 61 60 21474836 58 57 56 55 21474836 21474836 21474836 51 50 49 21474836 
88 87 86 85 84 21474836 82 21474836 80 21474836 78 77 76 75 74 73 21474836 71 70 69 21474836 67 21474836 65 64 63 62 61 60 59 58 57 56 55 21474836 53 52 51 50 49 
89 21474836 21474836 21474836 85 21474836 21474836 82 21474836 21474836 79 78 21474836 76 21474836 74 21474836 72 71 70 69 68 67 66 21474836 64 21474836 62 61 60 59 58 57 21474836 21474836 54 53 21474836 51 50 
21474836 89 21474836 87 86 21474836 21474836 83 82 81 80 79 78 77 21474836 75 74 73 72 71 70 21474836 21474836 67 21474836 65 64 21474836 21474836 21474836 60 59 58 57 21474836 55 54 21474836 52 51 
91 90 89 88 87 86 85 84 83 82 21474836 80 79 78 77 21474836 75 74 21474836 21474836 71 70 69 68 67 21474836 65 64 63 62 61 60 59 58 57 56 55 54 53 52 
21474836 21474836 90 21474836 88 87 86 85 84 21474836 21474836 21474836 21474836 79 78 77 76 75 21474836 21474836 21474836 71 70 69 68 67 21474836 65 64 21474836 21474836 61 60 59 21474836 57 56 21474836 54 53 
93 92 91 90 89 21474836 21474836 86 85 21474836 83 82 21474836 80 79 78 77 21474836 75 74 73 72 71 70 21474836 68 21474836 66 21474836 21474836 63 62 61 21474836 21474836 21474836 21474836 56 21474836 54 
94 93 92 21474836 90 89 88 87 86 21474836 84 83 21474836 21474836 80 21474836 78 21474836 76 21474836 74 73 21474836 71 21474836 21474836 68 67 66 21474836 64 63 62 61 60 59 58 57 56 55 
21474836 21474836 93 92 91 90 21474836 88 87 86 85 84 83 82 81 80 79 78 77 21474836 75 21474836 21474836 72 71 21474836 69 68 67 66 65 64 63 62 21474836 60 59 21474836 57 56 
96 21474836 21474836 93 92 91 90 21474836 21474836 21474836 86 85 84 21474836 82 21474836 21474836 21474836 78 77 76 75 74 73 72 21474836 21474836 69 68 21474836 21474836 21474836 64 21474836 62 61 21474836 59 58 57 
97 21474836 95 94 93 21474836 91 90 89 88 87 21474836 85 84 83 82 81 80 21474836 21474836 77 76 75 21474836 73 72 71 21474836 21474836 21474836 67 66 21474836 64 63 62 61 21474836 21474836 21474836 
98 97 96 95 94 21474836 92 21474836 21474836 21474836 88 87 86 85 84 83 82 21474836 21474836 79 78 77 76 75 21474836 73 72 71 21474836 69 68 67 21474836 65 64 63 62 21474836 60 21474836 
21474836 98 97 21474836 21474836 94 21474836 21474836 21474836 90 89 88 87 86 85 84 83 82 81 80 79 21474836 21474836 76 75 74 21474836 21474836 71 70 69 68 21474836 66 65 64 63 62 21474836 60 
21474836 99 98 97 96 95 94 93 21474836 91 90 21474836 88 21474836 86 21474836 84 83 82 81 80 79 78 77 21474836 75 74 73 72 71 70 69 68 21474836 66 65 64 63 21474836 61 
21474836 100 21474836 98 97 21474836 95 94 93 92 21474836 21474836 21474836 88 21474836 86 85 21474836 83 82 81 80 79 78 77 76 75 21474836 73 72 71 21474836 69 68 67 66 65 21474836 63 21474836 
21474836 101 100 99 98 21474836 96 95 94 93 92 91 90 21474836 21474836 87 86 85 84 83 21474836 81 80 79 78 77 76 75 74 21474836 72 21474836 70 69 21474836 67 21474836 65 64 21474836 
21474836 21474836 101 100 99 98 97 21474836 21474836 94 93 92 91 90 89 88 87 21474836 85 84 83 82 81 80 79 78 77 76 21474836 74 73 72 21474836 70 21474836 21474836 21474836 66 21474836 64 
104 103 102 101 100 99 98 21474836 96 21474836 94 93 21474836 21474836 90 89 21474836 87 21474836 85 21474836 21474836 21474836 81 21474836 79 21474836 21474836 76 75 74 73 72 71 21474836 69 68 67 66 65 
105 104 103 102 21474836 100 21474836 98 97 96 21474836 21474836 93 92 91 90 89 88 21474836 86 85 84 83 82 81 21474836 79 78 21474836 76 75 74 73 72 71 21474836 21474836 68 67 21474836 

(0,6) (1,6) (2,6) (3,6) (4,6) (5,6) (6,6) (7,6) (8,6) (9,6) (10,6) (11,6) (12,6) (13,6) (14,6) (15,6) (16,6) (17,6) (18,6) (19,6) (20,6) (21,6) (22,6) (23,6) (24,6) (25,6) (26,6) (27,6) (28,6) (29,6) (30,6) (31,6) (32,6) (33,6) (34,6) (35,6) (36,6) (37,6) (38,6) (39,6) (40,6) (41,6) (42,6) (43,6) (44,6) (45,6) (46,6) (47,6) (48,6) (49,6) (50,6) (51,6) (52,6) (53,6) (54,6) (55,6) (56,6) (57,6) (58,6) (59,6) (60,6) (61,6) (62,6) (63,6) (64,6) (65,6) (66,6) (67,6) (68,6) (69,6) (70,6) (71,6) (72,6) (73,6) (74,6) (75,6) (76,6) (77,6) (78,6) (79,6) (80,6) (81,6) (82,6) (83,6) (84,6) (85,6) (86,6) (87,6) (88,6) (89,6) (90,6) (91,6) (92,6) (93,6) (94,6) (95,6) (96,6) (97,6) (98,6) (99,6) 
(0,0) (1,0) (2,0) (3,0) (4,0) (5,0) (6,0) (7,0) (8,0) (9,0) (10,0) (11,0) (12,0) (13,0) (14,0) (15,0) (16,0) (17,0) (18,0) (19,0) (20,0) (21,0) (22,0) (23,0) (24,0) (25,0) (26,0) (27,0) (28,0) (29,0) (30,0) (31,0) (32,0) (33,0) (34,0) (35,0) (36,0) (37,0) (38,0) (39,0) 
