30
12
4

1 0 1 0 0 0 0 0 0 0 0 0 0 1 0 0 0 0 0 1 0 0 0 0 0 0 0 1 0 0 
0 1 1 1 0 0 1 1 1 0 1 0 0 0 1 1 0 1 1 0 0 1 1 1 0 1 0 1 0 1 
0 0 1 0 0 0 0 0 0 0 0 0 0 0 0 0 0 0 0 0 0 0 0 0 0 0 0 1 0 0 
0 0 0 1 0 0 0 1 1 0 0 0 0 0 0 0 0 0 0 0 0 0 1 0 0 0 0 0 0 0 
0 0 1 1 1 0 1 1 1 0 0 0 0 0 1 1 0 0 1 0 0 1 1 1 0 0 0 1 0 1 
0 0 0 0 0 1 0 0 0 0 0 0 0 0 0 0 0 0 0 0 0 0 0 0 0 0 0 0 0 0 
0 0 0 0 0 0 1 0 0 0 0 0 0 0 0 0 0 0 0 0 0 1 0 0 0 0 0 0 0 0 
0 0 0 0 0 0 0 1 0 0 0 0 0 0 0 0 0 0 0 0 0 0 0 0 0 0 0 0 0 0 
0 0 0 1 0 0 0 1 1 0 0 0 0 0 0 0 0 0 0 0 0 0 1 0 0 0 0 0 0 0 
0 0 0 0 0 0 0 1 0 1 0 0 0 0 0 0 0 0 0 0 0 0 0 0 0 0 0 0 0 0 
0 0 0 1 0 0 0 1 1 0 1 0 0 0 0 0 0 0 0 0 0 0 1 0 0 0 0 0 0 0 
0 0 0 1 0 0 0 1 1 0 0 1 0 0 0 0 0 0 0 0 0 0 1 0 0 0 0 0 0 0 
0 0 0 0 0 0 0 0 0 0 0 0 1 0 0 0 0 0 0 0 0 0 0 0 0 0 0 0 0 0 
0 0 0 0 0 0 0 0 0 0 0 0 0 1 0 0 0 0 0 0 0 0 0 0 0 0 0 0 0 0 
0 0 0 0 0 0 0 1 0 0 0 0 0 0 1 0 0 0 0 0 0 0 0 0 0 0 0 0 0 0 
0 0 0 1 0 0 0 1 1 0 0 0 0 0 0 1 0 0 0 0 0 0 1 0 0 0 0 0 0 0 
0 0 0 0 0 0 0 0 0 0 0 0 0 0 0 0 1 0 0 0 0 0 0 0 0 0 0 0 0 0 
0 0 0 0 0 0 0 0 0 0 0 0 0 0 0 0 0 1 0 0 0 0 0 0 0 0 0 0 0 0 
0 0 1 0 0 0 0 0 0 0 0 0 0 0 0 0 0 0 1 0 0 0 0 0 0 0 0 1 0 0 
0 0 1 0 0 0 0 0 0 0 0 0 0 0 0 0 0 0 0 1 0 0 0 0 0 0 0 1 0 0 
0 1 1 1 0 0 1 1 1 0 1 0 0 0 1 1 0 1 1 0 1 1 1 1 1 1 0 1 0 1 
0 0 0 0 0 0 0 0 0 0 0 0 0 0 0 0 0 0 0 0 0 1 0 0 0 0 0 0 0 0 
0 0 0 1 0 0 0 1 1 0 0 0 0 0 0 0 0 0 0 0 0 0 1 0 0 0 0 0 0 0 
0 0 1 1 0 0 1 1 1 0 0 0 0 0 1 1 0 0 1 0 0 1 1 1 0 0 0 1 0 1 
0 1 1 1 0 0 1 1 1 0 1 0 0 0 1 1 0 1 1 0 0 1 1 1 1 1 0 1 0 1 
0 0 1 1 0 0 1 1 1 0 0 0 0 0 1 1 0 0 1 0 0 1 1 1 0 1 0 1 0 1 
0 0 0 0 0 0 0 0 0 0 0 0 0 0 0 0 0 0 0 0 0 0 0 0 0 0 1 0 0 0 
0 0 0 0 0 0 0 0 0 0 0 0 0 0 0 0 0 0 0 0 0 0 0 0 0 0 0 1 0 0 
0 0 0 0 0 0 0 0 0 0 0 0 0 0 0 0 0 0 0 0 0 0 0 0 0 0 0 0 1 0 
0 0 1 1 0 0 1 1 1 0 0 0 0 0 1 1 0 0 1 0 0 1 1 0 0 0 0 1 0 1 

6 4 2 2 1 2 6 1 8 7 9 7 
2 8 1 0 6 1 2 4 7 0 4 0 
2 9 4 9 8 9 1 9 5 5 1 3 
6 2 0 3 3 2 5 9 8 0 9 3 
7 3 8 5 5 0 4 6 9 5 7 2 
3 6 6 0 3 0 4 6 3 4 7 3 
1 1 1 0 9 4 1 3 8 6 2 6 
0 7 7 4 0 9 8 6 7 5 9 8 
0 9 6 9 2 2 6 2 1 3 5 4 
9 8 5 6 3 2 9 1 2 5 3 9 
0 7 9 7 8 4 2 4 6 7 9 0 
5 4 4 3 9 4 2 6 8 2 9 9 
5 2 0 7 5 4 3 2 3 4 5 9 
6 5 0 0 7 8 4 4 4 6 7 5 
8 4 3 4 4 7 5 8 1 3 8 4 
4 2 2 6 3 8 9 9 5 8 5 9 
8 7 6 6 4 0 7 7 5 5 6 0 
4 3 3 3 3 5 4 3 4 5 6 9 
9 8 4 5 9 7 3 5 3 2 6 4 
6 0 7 1 1 9 5 0 5 1 1 1 
8 6 9 2 6 7 8 4 8 6 0 7 
2 1 4 7 1 2 9 1 0 3 8 2 
3 8 2 1 5 2 0 7 9 0 7 3 
5 7 5 0 4 7 6 5 6 0 2 2 
6 0 1 4 7 8 6 0 2 0 5 8 
4 0 6 7 0 5 0 2 4 4 5 8 
2 9 7 8 9 2 2 7 7 4 2 9 
0 1 6 0 6 5 6 7 4 2 7 9 
4 7 2 1 3 6 4 3 5 5 8 9 
2 9 3 9 9 6 1 6 9 2 1 6 
