14
6
3

1 1 0 1 1 1 0 0 1 0 0 1 0 1 
0 1 0 0 0 0 0 0 0 0 0 0 0 0 
0 1 1 1 0 0 0 1 0 0 0 0 0 0 
0 0 0 1 0 0 0 0 0 0 0 0 0 0 
0 0 0 0 1 1 0 0 0 0 0 0 0 0 
0 0 0 0 0 1 0 0 0 0 0 0 0 0 
0 1 1 1 0 1 1 1 1 1 0 0 0 1 
0 1 1 1 0 0 0 1 0 0 0 0 0 0 
0 1 0 1 0 1 0 0 1 0 0 0 0 1 
0 1 1 1 0 0 0 1 0 1 0 0 0 0 
0 1 1 1 0 0 0 1 0 1 1 0 1 0 
0 0 0 1 1 1 0 0 0 0 0 1 0 0 
0 1 1 1 0 0 0 1 0 1 1 0 1 0 
0 1 0 1 0 1 0 0 1 0 0 0 0 1 

14.64 153391689.00 26.76 153391689.00 153391689.00 153391689.00 
153391689.00 14.64 153391689.00 26.76 153391689.00 38.88 
26.76 153391689.00 14.64 20.70 153391689.00 32.82 
32.82 26.76 153391689.00 153391689.00 20.70 26.76 
38.88 32.82 26.76 153391689.00 14.64 153391689.00 
44.94 38.88 32.82 26.76 20.70 14.64 
51.00 153391689.00 38.88 153391689.00 153391689.00 20.70 
57.06 51.00 44.94 153391689.00 32.82 26.76 
63.12 57.06 51.00 44.94 38.88 32.82 
69.18 63.12 57.06 153391689.00 44.94 38.88 
75.24 69.18 63.12 57.06 51.00 44.94 
81.30 75.24 153391689.00 63.12 57.06 51.00 
87.36 153391689.00 75.24 69.18 63.12 57.06 
93.42 87.36 153391689.00 75.24 69.18 63.12 

(0.00,14.64) (6.06,14.64) (12.12,14.64) (18.18,14.64) (24.24,14.64) (30.30,14.64) (36.36,14.64) (42.42,14.64) (48.48,14.64) (54.54,14.64) (60.60,14.64) (66.66,14.64) (72.72,14.64) (78.78,14.64) 
(0.00,0.00) (6.06,0.00) (12.12,0.00) (18.18,0.00) (24.24,0.00) (30.30,0.00) 
(2.0,0.0) (2.5,1.5) (1.5,1.0) (4.0,1.0) (4.5,0.0) (5.0,0.5) (1.0,0.5) (1.5,1.0) (2.5,0.5) (1.0,1.0) (0.5,1.0) (3.5,0.0) (0.5,1.0) (2.5,0.5) 
